0 FILE Ecal_and_tracker.lxf
1 1 -135.858139 -70.42641449 -200.0000305 0 0.7071079016 -0.7071054578 0 0.7071056962 0.70710814 1 0 0 4162.dat
1 1 -137.2722931 -57.69841766 -180.0001678 0 0.7071079612 0.7071054578 0 0.7071057558 -0.70710814 -1 0 0 3832.dat
1 1 -131.615387 -52.04135132 -90.00012207 0.7071054578 0.7071079016 2.304042113e-07 -0.70710814 0.7071056962 -2.304050781e-07 -3.258413699e-07 0 1 4276b.dat
1 1 -125.9584579 -46.38478088 -120.0003662 0 0.7071079016 0.7071054578 0 0.7071056962 -0.70710814 -1 0 0 3001.dat
1 1 -131.6153717 -52.04161835 -180.0001221 0 0.7071079016 -0.7071054578 0 0.7071056962 0.70710814 1 0 0 3795.dat
1 1 -125.9584274 -46.38475037 -170.0002899 -0.7071054578 0.7071079016 0 0.70710814 0.7071056962 0 0 0 -1 3004.dat
1 1 -125.9585037 -46.38480377 -220.0002899 0 0.7071079016 0.7071054578 0 0.7071056962 -0.70710814 -1 0 0 3001.dat
1 1 -131.6152344 -52.04172134 -250.0001831 0.7071054578 0.7071079016 2.304042113e-07 -0.70710814 0.7071056962 -2.304050781e-07 -3.258413699e-07 0 1 4276b.dat
1 1 -131.6153412 -52.04124451 -110.0000763 -0.7071054578 0.7071079016 -2.304042113e-07 0.70710814 0.7071056962 2.304050781e-07 3.258413699e-07 0 -1 4275b.dat
1 1 -150.0001831 -56.2842865 -200 0 0.7071079016 -0.7071054578 0 0.7071056962 0.70710814 1 0 0 4162.dat
1 1 -131.615448 -52.04160309 -270.0001526 -0.7071054578 0.7071079612 -2.304042113e-07 0.70710814 0.7071057558 2.304050781e-07 3.258413699e-07 0 -1 4275b.dat
1 1 -125.9585266 -46.38477707 -270.0003052 0.7071054578 0.7071079016 0 -0.70710814 0.7071056962 0 0 0 1 3298.dat
1 1 -142.9291534 -63.3552475 -100.0001678 0.7071054578 0.7071079612 0 -0.70710814 0.7071057558 0 0 0 1 3068b.dat
1 1 -179.9999237 -31.999897 -110.0002975 1 0 3.258413699e-07 0 1 0 -3.258413699e-07 0 1 4276b.dat
1 1 -179.999939 -24 -120.000267 0 0 1 0 1 0 -1 0 0 3001.dat
1 1 -179.9999542 -32.00014114 -180.0002136 0 0 -1 0 1 0 1 0 0 3795.dat
1 1 -179.9999542 -24 -170.0003204 -1 0 0 0 1 0 0 0 -1 3004.dat
1 1 -179.9999542 -24 -220.0003357 0 0 1 0 1 0 -1 0 0 3001.dat
1 1 -179.9998932 -32.00016022 -250.0002441 -1 0 -3.258413699e-07 0 1 0 3.258413699e-07 0 -1 4275b.dat
1 1 -179.999939 -31.99980164 -90.00022888 -1 0 -3.258413699e-07 0 1 0 3.258413699e-07 0 -1 4275b.dat
1 1 -180.0056152 -48.00018692 -230.0002594 1 0 0 0 1 0 0 0 1 3069b.dat
1 1 -180.0000153 -40.00018692 -180.0002441 0 0 1 0 1 0 -1 0 0 3832.dat
1 0 -180.0000153 -48.00018692 -180.0002594 1 0 0 0 1 0 0 0 1 3956.dat
1 1 -180 -48.00017929 -260.0000916 0 0 1 0 1 0 -1 0 0 3068b.dat
1 1 -179.9999542 -32.00030518 -270.0003967 1 0 3.258413699e-07 0 1 0 -3.258413699e-07 0 1 4276b.dat
1 1 -180.0000305 -24 -270.0003052 1 0 0 0 1 0 0 0 1 3298.dat
1 1 -180 -48.00018692 -80.00025177 0 0 1 0 1 0 -1 0 0 3034.dat
1 1 -180.0000153 -56.00018311 -160.0002441 0 0 1 0 1 0 -1 0 0 3068b.dat
1 1 -180.0000153 -56.00018311 -120.0002518 0 0 1 0 1 0 -1 0 0 3068b.dat
1 1 -180.0000153 -56.00018311 -80.0002594 0 0 1 0 1 0 -1 0 0 3068b.dat
1 1 -180.0000153 -56.00018311 -40.00025558 0 0 1 0 1 0 -1 0 0 3068b.dat
1 1 -180.0000153 -56.00018311 -0.0002481043339 0 0 1 0 1 0 -1 0 0 3068b.dat
1 1 -180.0001221 -31.99990463 -50.00019836 -1 0 -3.258413699e-07 0 1 0 3.258413699e-07 0 -1 4276b.dat
1 1 -180.0001068 -24 -40.00025558 0 0 -1 0 1 0 1 0 0 3001.dat
1 1 -180.0001068 -31.99980545 -70.00027466 1 0 3.258413699e-07 0 1 0 -3.258413699e-07 0 1 4275b.dat
1 0 -180 -48.00018692 19.99975777 -1 0 0 0 1 0 0 0 -1 3956.dat
1 1 -180.0000153 -40.00018692 19.99973106 0 0 -1 0 1 0 1 0 0 3832.dat
1 1 -180.000061 -32.00014114 19.99967194 0 0 1 0 1 0 -1 0 0 3795.dat
1 1 -180.0000763 -24 9.99982357 1 0 0 0 1 0 0 0 1 3004.dat
1 1 -179.9944153 -48.00018692 69.99971771 -1 0 0 0 1 0 0 0 -1 3069b.dat
1 1 -180.000061 -24 59.99980545 0 0 -1 0 1 0 1 0 0 3001.dat
1 1 -180.0000153 -48.00017929 99.9995575 0 0 -1 0 1 0 1 0 0 3068b.dat
1 1 -180.0001373 -32.00016403 89.99970245 1 0 3.258413699e-07 0 1 0 -3.258413699e-07 0 1 4275b.dat
1 1 -180.000061 -32.00030899 109.9998703 -1 0 -3.258413699e-07 0 1 0 3.258413699e-07 0 -1 4276b.dat
1 1 -180 -24 109.9997787 -1 0 0 0 1 0 0 0 -1 3298.dat
1 71 -170.0000763 -78.00019073 -200.0002899 0 0 0.9999999404 1 0 0 0 1 0 3794b.dat
1 71 -190.000061 -78.00019073 -200.0002899 0 0 0.9999999404 1 0 0 0 1 0 3794b.dat
1 0 -180.0000153 -98.00010681 -88.04868317 3.139164448e-07 0 0.9999999404 0 0.9999999404 0 -1 0 3.139164733e-07 3706.dat
1 0 -190.0000763 -108.0001221 -56.00014877 0 0 0.9999998808 -0.9999998808 0 0 0 -1 0 3063b.dat
1 0 -190.0000458 -108.0001373 -32.00014877 0 0 0.9999998212 -0.9999998212 0 0 0 -1 0 3063b.dat
1 0 -190.0000458 -108.0001373 -8.000169754 0 0 0.9999998212 -0.9999998212 0 0 0 -1 0 3063b.dat
1 36 -189.9999695 -128.0001678 8 0.9999998212 0 0 0 0 0.9999998808 0 -1 0 6141.dat
1 71 -180.0000458 -98.00012207 -0.0002197921276 0 0 -0.9999998808 0.9999998808 0 0 0 -1 0 60474.dat
1 0 -169.9998169 -108.0000534 -55.90384674 0.9999998212 0 0 0 0 0.9999998212 0 -1 0 3063b.dat
1 0 -169.9998016 -108.0000381 -31.90382195 0.9999997616 0 0 0 0 0.9999997616 0 -1 0 3063b.dat
1 0 -169.9998016 -108.0000305 -7.903845787 0.9999997616 0 0 0 0 0.9999997616 0 -1 0 3063b.dat
1 47 -180.000061 -98.00010681 -55.95179367 0 0 -0.9999998212 0.9999998212 0 0 0 -1 0 6143.dat
1 47 -180.0000458 -98.00011444 -31.95179176 0 0 -0.9999997616 0.9999997616 0 0 0 -1 0 6143.dat
1 33 -180.0000458 -98.00011444 -7.951767921 0 0 -0.9999997616 0.9999997616 0 0 0 -1 0 6143.dat
1 0 -189.9999847 -88.00009155 -56.00014496 -0.9999998212 0 0 0 0 -0.9999998212 0 -1 0 3063b.dat
1 0 -189.9999695 -88.00008392 -32.00009537 -0.9999997616 0 0 0 0 -0.9999997616 0 -1 0 3063b.dat
1 0 -189.9999695 -88.00010681 -8.000119209 -0.9999997616 0 0 0 0 -0.9999997616 0 -1 0 3063b.dat
1 0 -170.0000458 -88.00010681 -8.000124931 0 0 -0.9999998212 0.9999998212 0 0 0 -1 0 3063b.dat
1 0 -170.000061 -88.00011444 -56.00014496 0 0 -0.9999998212 0.9999998212 0 0 0 -1 0 3063b.dat
1 0 -170.000061 -88.00012207 -32.00013733 0 0 -0.9999997616 0.9999997616 0 0 0 -1 0 3063b.dat
1 72 -180 -98.00007629 8 0 0 -0.9999998212 0.9999998808 0 0 0 -1 0 4032a.dat
1 36 -189.9999695 -128.0001678 23.99978256 0.9999998212 0 0 0 0 0.9999998808 0 -1 0 6141.dat
1 71 -179.9999847 -98.00016022 15.99971676 0 0 -0.9999998808 0.9999998808 0 0 0 -1 0 60474.dat
1 36 -150.0000305 -108.0000992 8 0.9999998212 0 0 0 0 0.9999998808 0 -1 0 6141.dat
1 36 -189.9999695 -68.00009918 8 0.9999998212 0 0 0 0 0.9999998808 0 -1 0 6141.dat
1 72 -180 -98.00009155 23.99983597 0 0 -0.9999998212 0.9999998808 0 0 0 -1 0 4032a.dat
1 36 -160 -78.00009918 8 0.9999998212 0 0 0 0 0.9999998808 0 -1 0 6141.dat
1 71 -180 -98.00016022 31.99977303 0 0 -0.9999998212 1 0 0 0 -1 0 60474.dat
1 36 -150 -108.0000992 23.99983025 0.9999998212 0 0 0 0 0.9999998212 0 -1 0 6141.dat
1 36 -189.9999695 -68.0001297 23.99983025 0.9999998212 0 0 0 0 0.9999998808 0 -1 0 6141.dat
1 36 -159.9999847 -78.00009918 23.99983025 0.9999998212 0 0 0 0 0.9999998808 0 -1 0 6141.dat
1 71 -189.9999695 -78.00018311 39.99976349 0 0 -0.9999998212 0.9999998808 0 0 0 -1 0 3794b.dat
1 71 -170 -78.00018311 39.99976349 0 0 -0.9999998212 0.9999998808 0 0 0 -1 0 3794b.dat
1 1 -217.0704803 -63.35463715 -100.0001755 -0.7071145177 -0.7070983648 0 -0.7070990205 0.7071152925 0 0 0 -1 3068b.dat
1 1 -222.7272491 -57.69780731 -180.0001678 0 -0.7070983648 0.7071145177 0 0.7071151733 0.7070990205 -1 0 0 3832.dat
1 1 -224.141571 -70.42570496 -200.0001831 0 -0.7070983052 0.7071145177 0 0.7071152329 0.7070990205 -1 0 0 4162.dat
1 1 -209.9993286 -56.283741 -200.0001373 0 -0.7070983052 0.7071145177 0 0.7071152329 0.7070990205 -1 0 0 4162.dat
1 1 -228.3840637 -52.04087448 -180.000351 0 -0.7070983648 -0.7071145177 0 0.7071151733 -0.7070990205 1 0 0 3795.dat
1 1 -234.0414581 -46.38480377 -120.0005035 0 -0.7071076035 0.7071054578 0 0.7071061134 0.7071082592 -1 0 0 3001.dat
1 1 -234.0415039 -46.38483429 -170.0004883 -0.7071054578 -0.7071076035 0 -0.7071082592 0.7071061134 0 0 0 -1 3004.dat
1 1 -234.0413361 -46.38477325 -220.0004272 0 -0.7071076035 0.7071054578 0 0.7071061134 0.7071082592 -1 0 0 3001.dat
1 1 -228.3840637 -52.04056549 -110.0002975 -0.7071145177 -0.7070983648 -2.304071671e-07 -0.7070990205 0.7071151733 -2.304021081e-07 3.258413699e-07 0 -1 4275b.dat
1 1 -228.3841095 -52.04099274 -270.000061 -0.7071146369 -0.7070983648 -2.304071955e-07 -0.7070990801 0.7071151733 -2.304021365e-07 3.258413699e-07 0 -1 4275b.dat
1 1 -234.0414124 -46.38488007 -270.0003662 0.7071054578 -0.7071076035 0 0.7071082592 0.7071061134 0 0 0 1 3298.dat
1 1 -228.384613 -52.0413208 -90.00051117 0.7071054578 -0.7071076035 2.304042113e-07 0.7071082592 0.7071061134 2.304051208e-07 -3.258413699e-07 0 1 4276b.dat
1 1 -228.3847046 -52.04167175 -250.0005493 0.7071054578 -0.7071076035 2.304042113e-07 0.7071082592 0.7071061134 2.304051208e-07 -3.258413699e-07 0 1 4276b.dat
1 1 -248.4263 -100.4255981 -270.0001221 0 -1 0 1 0 3.258413699e-07 -3.258413699e-07 0 1 4276b.dat
1 1 -240.4264679 -100.4257431 -180.0000305 0 -1 0 0 0 1 -1 0 0 3832.dat
1 1 -248.4264679 -100.4252701 -90.00011444 0 -1 0 -1 0 -3.258413699e-07 3.258413699e-07 0 -1 4275b.dat
1 1 -256.4265137 -100.4253616 -120.0000305 0 -1 0 0 0 1 -1 0 0 3001.dat
1 1 -248.4262238 -100.4255295 -180.0000153 0 -1 0 0 0 -1 1 0 0 3795.dat
1 1 -256.4263 -100.4253845 -170.0000916 0 -1 0 -1 0 0 0 0 -1 3004.dat
1 1 -256.4264221 -100.4252777 -220.0000305 0 -1 0 0 0 1 -1 0 0 3001.dat
1 1 -248.4264069 -100.4255447 -250 0 -1 0 -1 0 -3.258413699e-07 3.258413699e-07 0 -1 4275b.dat
1 1 -248.4261932 -100.4251938 -110.0001068 0 -1 0 1 0 3.258413699e-07 -3.258413699e-07 0 1 4276b.dat
1 1 -256.4263916 -100.425354 -270.000061 0 -1 0 1 0 0 0 0 1 3298.dat
1 1 -224.4264069 -110.4257126 -200.0000916 0 -1 0 0 0 1 -1 0 0 4162.dat
1 1 -232.4264221 -100.4257431 -179.9999847 0 -1 0 0 0 1 -1 0 0 3832.dat
1 1 -224.4264069 -90.42569733 -200.0000458 0 -1 0 0 0 1 -1 0 0 4162.dat
1 1 -224.4264069 -100.4257202 -100.0000381 0 -1 0 0 0 -1 1 0 0 3068b.dat
1 1 -280.4263916 -100.4266586 -80.00028992 0 -1 0 0 0 1 -1 0 0 2445.dat
1 1 -248.4263611 -100.4260788 -50.00024414 0 -1 0 -1 0 -3.258413699e-07 3.258413699e-07 0 -1 4276b.dat
1 1 -256.4264526 -100.4266052 -40.00031281 0 -1 0 0 0 -1 1 0 0 3001.dat
1 1 -248.4264679 -100.426033 -70.00028229 0 -1 0 1 0 3.258413699e-07 -3.258413699e-07 0 1 4275b.dat
1 1 -248.4264069 -100.4265671 19.99981308 0 -1 0 0 0 1 -1 0 0 3795.dat
1 1 -256.4263611 -100.426651 9.999728203 0 -1 0 1 0 0 0 0 1 3004.dat
1 1 -240.4263916 -100.426712 19.99970627 0 -1 0 0 0 -1 1 0 0 3832.dat
1 1 -224.4263611 -100.4268646 -60.00028992 0 -1 0 0 0 -1 1 0 0 3068b.dat
1 1 -232.4264221 -100.426712 19.99969482 0 -1 0 0 0 -1 1 0 0 3832.dat
1 1 -224.4263611 -110.426712 39.99968338 0 -1 0 0 0 1 -1 0 0 4162.dat
1 1 -256.4263916 -100.4266586 59.99971008 0 -1 0 0 0 -1 1 0 0 3001.dat
1 1 -224.4263611 -90.42679596 39.99968338 0 -1 0 0 0 1 -1 0 0 4162.dat
1 1 -248.4264374 -100.426506 89.99975586 0 -1 0 1 0 3.258413699e-07 -3.258413699e-07 0 1 4275b.dat
1 1 -248.4263458 -100.4268036 109.9996338 0 -1 0 -1 0 -3.258413699e-07 3.258413699e-07 0 -1 4276b.dat
1 1 -256.4263611 -100.4266052 109.9998703 0 -1 0 -1 0 0 0 0 -1 3298.dat
1 1 -280.4263916 -100.4253616 -240.0000763 0 -1 0 0 0 1 -1 0 0 3020.dat
1 1 -280.4263611 -100.42659 79.9998703 0 -1 0 0 0 1 -1 0 0 3020.dat
1 1 -234.0419464 -154.4675903 -120.000267 0 -0.7071124911 -0.7071008682 0 -0.7071011066 0.7071127295 -1 0 0 3001.dat
1 1 -228.3850861 -148.8106537 -180.0002136 0 -0.7071124911 0.7071009874 0 -0.7071011066 -0.7071127892 1 0 0 3795.dat
1 1 -234.0420074 -154.4675903 -170.0001984 0.7071009278 -0.7071124911 0 -0.7071127892 -0.7071011066 0 0 0 -1 3004.dat
1 1 -234.0420227 -154.4674377 -220.0002136 0 -0.7071124911 -0.7071009278 0 -0.7071011066 0.7071127892 -1 0 0 3001.dat
1 1 -222.7282257 -143.1539459 -180.0001984 0 -0.7071124911 -0.7071009278 0 -0.7071011066 0.7071127892 -1 0 0 3832.dat
1 1 -210.0003052 -144.5682068 -200.0000916 0 -0.7071124911 0.7071009278 0 -0.7071011066 -0.7071127892 1 0 0 4162.dat
1 1 -217.0713501 -137.4970245 -100.000206 0 -0.7071124911 0.7071009278 0 -0.7071011066 -0.7071127892 1 0 0 3068b.dat
1 1 -224.1423187 -130.4259338 -200.0001373 0 -0.7071124911 0.7071009278 0 -0.7071011066 -0.7071127892 1 0 0 4162.dat
1 1 -228.3850861 -148.8102722 -110.0002518 0.7071008682 -0.7071124911 2.304027191e-07 -0.7071127295 -0.7071011066 -2.304065845e-07 3.258413699e-07 0 -1 4275b.dat
1 1 -228.3851318 -148.8106842 -270.0001526 0.7071008682 -0.7071124911 2.304027191e-07 -0.7071127295 -0.7071011066 -2.304065845e-07 3.258413699e-07 0 -1 4275b.dat
1 1 -234.0419312 -154.4674835 -270.0001831 -0.7071009278 -0.7071124911 0 0.7071127892 -0.7071011066 0 0 0 1 3298.dat
1 1 -228.3850708 -148.8106537 -250.0001678 -0.7071008682 -0.7071124911 -2.304027191e-07 0.7071127295 -0.7071011066 2.304065845e-07 -3.258413699e-07 0 1 4276b.dat
1 1 -228.3850861 -148.810257 -90.00026703 -0.7071008682 -0.7071124911 -2.304027191e-07 0.7071127295 -0.7071011066 2.304065845e-07 -3.258413699e-07 0 1 4276b.dat
1 1 -180.0005035 -176.8523254 -120.0001373 0 0 -1 0 -1 0 -1 0 0 3001.dat
1 1 -179.9581757 -168.5470886 -90.00003815 0.9999482036 -0.01018405892 3.258244874e-07 -0.01018451899 -0.9999482036 -3.318537667e-09 3.258413699e-07 0 -1 4275b.dat
1 1 -179.8766937 -160.5478668 -180.0001221 0 -0.01018406171 -0.9999482036 0 -0.9999482036 0.01018451899 -1 0 0 3832.dat
1 1 -180.0003357 -168.8521118 -110.0001678 -1 0 -3.258413699e-07 0 -1 0 -3.258413699e-07 0 1 4276b.dat
1 1 -179.9581757 -168.5474396 -180.0000916 0 -0.01018405799 0.9999482036 0 -0.999948144 -0.01018451713 1 0 0 3795.dat
1 1 -180.0004578 -176.8521271 -170.0001373 1 0 0 0 -1 0 0 0 -1 3004.dat
1 1 -180.0004883 -176.8522339 -220.0001984 0 0 -1 0 -1 0 -1 0 0 3001.dat
1 1 -179.9581757 -168.5474701 -250.0001373 0.9999482036 -0.01018406171 3.258244874e-07 -0.01018451899 -0.9999482036 -3.318537667e-09 3.258413699e-07 0 -1 4275b.dat
1 1 -180.0002136 -168.8525848 -270.0001831 -1 0 -3.258413699e-07 0 -1 0 -3.258413699e-07 0 1 4276b.dat
1 1 -180.0004272 -176.8522797 -270.0001831 -1 0 0 0 -1 0 0 0 1 3298.dat
1 1 -179.7952423 -152.5482941 -180.0001221 0 -0.01018405985 -0.9999482036 0 -0.999948144 0.01018451899 -1 0 0 3832.dat
1 1 -189.7132568 -144.4468536 -200.0000458 0 -0.01018405985 0.9999482036 0 -0.999948144 -0.01018451899 1 0 0 4162.dat
1 1 -169.714386 -144.6506042 -200.0000763 0 -0.01018405799 0.9999482036 0 -0.999948144 -0.01018451713 1 0 0 4162.dat
1 1 -179.7138519 -144.5487213 -99.99990845 0 -0.01018405892 0.9999482036 0 -0.9999482036 -0.01018451899 1 0 0 3068b.dat
1 1 -125.7727356 -154.7137909 -120.0001984 0 0.6998693943 -0.7142704129 0 -0.7142708302 -0.6998698711 -1 0 0 3001.dat
1 1 -131.6154785 -148.811264 -180.0001678 0 0.7071028352 0.7071101069 0 -0.7071107626 0.7071035504 1 0 0 3795.dat
1 1 -125.7727356 -154.7137451 -170.0001831 0.7142703533 0.6998695731 0 0.6998699903 -0.7142708302 0 0 0 -1 3004.dat
1 1 -125.7728577 -154.7137909 -220.0001221 0 0.6998693943 -0.7142705321 0 -0.714271009 -0.6998696923 -1 0 0 3001.dat
1 1 -137.2723236 -143.1544342 -180.0001678 0 0.7071030736 -0.7071099281 0 -0.7071105242 -0.7071037292 -1 0 0 3832.dat
1 1 -142.9291229 -137.4975739 -100.0002365 0 0.707103014 0.7071099281 0 -0.7071105242 0.7071036696 1 0 0 3068b.dat
1 1 -150.0001831 -144.5686035 -200.0002441 0 0.707103014 -0.7071099877 0 -0.7071105838 -0.7071036696 -1 0 0 4162.dat
1 1 -135.8580017 -130.4264984 -200.0002594 0 0.7071030736 -0.7071099877 0 -0.7071105242 -0.7071038485 -1 0 0 4162.dat
1 1 -131.6154938 -148.8109436 -110.0002289 0.7071099877 0.707103014 2.304056892e-07 0.70710361 -0.7071106434 2.304036144e-07 3.258413699e-07 0 -1 4275b.dat
1 1 -131.615448 -148.8114319 -270.0001831 0.7071099877 0.7071029544 2.304056892e-07 0.7071036696 -0.7071106434 2.304036286e-07 3.258413699e-07 0 -1 4275b.dat
1 1 -125.7727737 -154.7137756 -270.0001831 -0.7142703533 0.6998695731 0 -0.6998699903 -0.7142708302 0 0 0 1 3298.dat
1 1 -131.3718262 -148.9996948 -250.0000916 -0.7142704725 0.6998695135 -2.3273887e-07 -0.6998699903 -0.7142708302 -2.28046602e-07 -3.258413699e-07 0 1 4276b.dat
1 1 -131.3717651 -148.9993286 -90.00015259 -0.7142704129 0.6998693943 -2.327388557e-07 -0.6998698711 -0.7142708302 -2.280465594e-07 -3.258413699e-07 0 1 4276b.dat
1 1 -135.5736389 -90.42679596 -200.0001678 0 1 0 0 0 1 1 0 0 4162.dat
1 1 -127.5736313 -100.426712 -180.0001984 0 1 0 0 0 -1 -1 0 0 3832.dat
1 1 -119.5736389 -100.426712 -180.0002136 0 1 0 0 0 -1 -1 0 0 3832.dat
1 1 -111.5736389 -100.4265671 -180.0003052 0 1 0 0 0 1 1 0 0 3795.dat
1 1 -103.5735703 -100.4266052 -120.0001984 0 1 0 0 0 -1 -1 0 0 3001.dat
1 1 -103.5736542 -100.426651 -170.0002289 0 1 0 1 0 0 0 0 -1 3004.dat
1 1 -103.5736084 -100.4266586 -220.0001984 0 1 0 0 0 -1 -1 0 0 3001.dat
1 1 -135.5736847 -100.4268646 -100.0002289 0 1 0 0 0 -1 -1 0 0 3068b.dat
1 1 -135.5736389 -110.426712 -200.0001678 0 1 0 0 0 1 1 0 0 4162.dat
1 1 -111.5735855 -100.426033 -90.00020599 0 1 0 1 0 3.258413699e-07 3.258413699e-07 0 -1 4275b.dat
1 1 -111.5735855 -100.426506 -250.0002594 0 1 0 1 0 3.258413699e-07 3.258413699e-07 0 -1 4275b.dat
1 1 -111.5736847 -100.4260788 -110.0002441 0 1 0 -1 0 -3.258413699e-07 -3.258413699e-07 0 1 4276b.dat
1 1 -111.5736847 -100.4268036 -270.0001526 0 1 0 -1 0 -3.258413699e-07 -3.258413699e-07 0 1 4276b.dat
1 1 -103.5736542 -100.4266052 -270.0003662 0 1 0 -1 0 0 0 0 1 3298.dat
1 1 -79.57361603 -100.4252777 -80.00047302 0 1 0 0 0 1 1 0 0 2445.dat
1 1 -111.5735855 -100.4252701 -70.00038147 0 1 0 -1 0 -3.258413699e-07 -3.258413699e-07 0 1 4275b.dat
1 1 -103.5735168 -100.4253616 -40.00046921 0 1 0 0 0 1 1 0 0 3001.dat
1 1 -111.5738525 -100.4251938 -50.0003891 0 1 0 1 0 3.258413699e-07 3.258413699e-07 0 -1 4276b.dat
1 1 -135.5736237 -100.4257202 -60.00043106 0 1 0 0 0 -1 -1 0 0 3068b.dat
1 1 -127.5736237 -100.4257431 19.9994812 0 1 0 0 0 1 1 0 0 3832.dat
1 1 -119.5735779 -100.4257431 19.99952698 0 1 0 0 0 1 1 0 0 3832.dat
1 1 -111.5738144 -100.4255295 19.99955177 0 1 0 0 0 -1 -1 0 0 3795.dat
1 1 -103.5737152 -100.4253845 9.999608994 0 1 0 -1 0 0 0 0 1 3004.dat
1 1 -135.5736237 -110.4257126 39.99959946 0 1 0 0 0 1 1 0 0 4162.dat
1 1 -135.5736237 -90.42569733 39.99954987 0 1 0 0 0 1 1 0 0 4162.dat
1 1 -103.5735931 -100.4252777 59.99954224 0 1 0 0 0 1 1 0 0 3001.dat
1 1 -111.5736237 -100.4255447 89.99954224 0 1 0 -1 0 -3.258413699e-07 -3.258413699e-07 0 1 4275b.dat
1 1 -111.5737305 -100.4255981 109.9996567 0 1 0 1 0 3.258413699e-07 3.258413699e-07 0 -1 4276b.dat
1 1 -103.5736313 -100.425354 109.9995575 0 1 0 1 0 0 0 0 -1 3298.dat
1 1 -79.5736618 -100.4266052 -240.0003662 0 1 0 0 0 -1 -1 0 0 3020.dat
1 1 -79.5736084 -100.4252777 79.99953461 0 1 0 0 0 -1 -1 0 0 3020.dat
1 1 -228.6282806 -148.9993286 -70.00032043 0.7142704129 -0.6998693943 2.327388557e-07 -0.6998698711 -0.7142708302 -2.280465594e-07 3.258413699e-07 0 -1 4276b.dat
1 1 -234.2273254 -154.7137909 -40.0002594 0 -0.6998693943 0.7142704129 0 -0.7142708302 -0.6998698711 1 0 0 3001.dat
1 1 -228.3845367 -148.8109436 -50.00022507 -0.7071099877 -0.707103014 -2.304056892e-07 0.70710361 -0.7071106434 2.304036144e-07 -3.258413699e-07 0 1 4275b.dat
1 1 -228.3845673 -148.8112946 19.99969482 0 -0.7071028352 -0.7071101069 0 -0.7071107626 0.7071035504 -1 0 0 3795.dat
1 1 -234.2272949 -154.7137451 9.99971199 -0.7142704129 -0.6998695731 0 0.69987005 -0.7142708302 0 0 0 1 3004.dat
1 1 -217.0709076 -137.4975739 -60.00023651 0 -0.707103014 -0.7071099281 0 -0.7071105242 0.7071036696 -1 0 0 3068b.dat
1 1 -222.7277527 -143.1544495 19.99969482 0 -0.7071030736 0.7071099281 0 -0.7071105242 -0.7071037292 1 0 0 3832.dat
1 1 -209.9998779 -144.5686035 39.99974823 0 -0.707103014 0.7071099877 0 -0.7071105838 -0.7071036696 1 0 0 4162.dat
1 1 -234.2271729 -154.7138062 59.99964523 0 -0.6998693943 0.7142705321 0 -0.714271009 -0.6998696923 1 0 0 3001.dat
1 1 -224.1420441 -130.4264984 39.99979401 0 -0.7071030736 0.7071099877 0 -0.7071105242 -0.7071038485 1 0 0 4162.dat
1 1 -228.6282349 -148.9997101 89.99961853 0.7142704725 -0.6998695135 2.3273887e-07 -0.6998699903 -0.7142708302 -2.28046602e-07 3.258413699e-07 0 -1 4276b.dat
1 1 -228.3845825 -148.8114319 109.9997559 -0.7071099877 -0.7071029544 -2.304056892e-07 0.7071036696 -0.7071106434 2.304036286e-07 -3.258413699e-07 0 1 4275b.dat
1 1 -234.2272797 -154.7137909 109.9997025 0.7142704129 -0.6998695731 0 -0.69987005 -0.7142708302 0 0 0 -1 3298.dat
1 1 -180.0418549 -168.5470886 -70.00045013 -0.9999482036 0.01018405892 -3.258244874e-07 -0.01018451899 -0.9999482036 -3.318537667e-09 -3.258413699e-07 0 1 4275b.dat
1 1 -179.999527 -176.8523254 -40.00035095 0 0 1 0 -1 0 1 0 0 3001.dat
1 1 -179.9997253 -168.8521118 -50.00033569 1 0 3.258413699e-07 0 -1 0 3.258413699e-07 0 -1 4276b.dat
1 1 -180.0418549 -168.5474396 19.9996109 0 0.01018405799 -0.9999482036 0 -0.999948144 -0.01018451713 -1 0 0 3795.dat
1 1 -179.999588 -176.8521271 9.999667168 -1 0 0 0 -1 0 0 0 1 3004.dat
1 1 -180.1233368 -160.5478668 19.99964714 0 0.01018406171 0.9999482036 0 -0.9999482036 0.01018451899 1 0 0 3832.dat
1 1 -180.2861786 -144.5487213 -60.00056839 0 0.01018405892 -0.9999482036 0 -0.9999482036 -0.01018451899 -1 0 0 3068b.dat
1 1 -180.2048035 -152.5482941 19.99962997 0 0.01018405799 0.9999482036 0 -0.999948144 0.01018451713 1 0 0 3832.dat
1 1 -190.2856445 -144.6506042 39.99962234 0 0.01018405799 -0.9999482036 0 -0.999948144 -0.01018451713 -1 0 0 4162.dat
1 1 -179.9995422 -176.8522339 59.99974442 0 0 1 0 -1 0 1 0 0 3001.dat
1 1 -170.2867584 -144.4468536 39.99957275 0 0.01018405985 -0.9999482036 0 -0.999948144 -0.01018451899 -1 0 0 4162.dat
1 1 -180.0418549 -168.5474701 89.99969482 -0.9999482036 0.01018406171 -3.258244874e-07 -0.01018451899 -0.9999482036 -3.318537667e-09 -3.258413699e-07 0 1 4275b.dat
1 1 -179.9998169 -168.8525848 109.9996719 1 0 3.258413699e-07 0 -1 0 3.258413699e-07 0 -1 4276b.dat
1 1 -179.9996033 -176.8522797 109.9997177 1 0 0 0 -1 0 0 0 -1 3298.dat
1 1 -131.6159668 -52.04057693 -50.00018311 0.7071144581 0.7070983052 2.304071387e-07 -0.7070989609 0.7071151137 -2.304020938e-07 -3.258413699e-07 0 1 4275b.dat
1 1 -125.9585876 -46.3848114 -39.99998474 0 0.7071075439 -0.7071053982 0 0.7071060538 0.7071081996 1 0 0 3001.dat
1 1 -131.6154327 -52.04132843 -70 -0.7071054578 0.7071076035 -2.304042113e-07 0.7071082592 0.7071061134 2.304051208e-07 3.258413699e-07 0 -1 4276b.dat
1 1 -142.9295654 -63.35463715 -60.00031662 0.7071144581 0.7070984244 0 -0.7070989609 0.7071153522 0 0 0 1 3068b.dat
1 1 -137.2727966 -57.69781494 19.99964142 0 0.7070983648 -0.7071143985 0 0.7071151733 0.7070989013 1 0 0 3832.dat
1 1 -131.6159668 -52.04088593 19.99987411 0 0.7070983052 0.7071144581 0 0.7071151137 -0.7070989609 -1 0 0 3795.dat
1 1 -125.9585419 -46.38484573 9.999984741 0.7071053982 0.7071075439 0 -0.7071081996 0.7071060538 0 0 0 1 3004.dat
1 1 -135.8584595 -70.42572021 39.99968338 0 0.7070982456 -0.7071144581 0 0.7071151733 0.7070989609 1 0 0 4162.dat
1 1 -150.0007172 -56.28374863 39.9996376 0 0.7070982456 -0.7071144581 0 0.7071151733 0.7070989609 1 0 0 4162.dat
1 1 -125.9587021 -46.38478088 59.99991989 0 0.7071075439 -0.7071053982 0 0.7071060538 0.7071081996 1 0 0 3001.dat
1 1 -131.6153259 -52.04168701 90.00003815 -0.7071053982 0.7071075439 -2.304041971e-07 0.7071081996 0.7071060538 2.304051065e-07 3.258413699e-07 0 -1 4276b.dat
1 1 -131.6159058 -52.04100037 109.9995499 0.7071145773 0.7070983052 2.304071813e-07 -0.7070990205 0.7071151137 -2.304021081e-07 -3.258413699e-07 0 1 4275b.dat
1 1 -125.9586334 -46.3848877 109.9998322 -0.7071053982 0.7071075439 0 0.7071081996 0.7071060538 0 0 0 -1 3298.dat
1 1 -228.3846436 -52.04135895 -70.00034332 -0.7071054578 -0.7071079016 -2.304042113e-07 -0.70710814 0.7071056962 -2.304050781e-07 3.258413699e-07 0 -1 4276b.dat
1 1 -234.0415649 -46.38478851 -40.00009155 0 -0.7071079016 -0.7071054578 0 0.7071056962 -0.70710814 1 0 0 3001.dat
1 1 -228.3846893 -52.04125214 -50.00037003 0.7071054578 -0.7071079016 2.304042113e-07 0.70710814 0.7071056962 2.304050781e-07 -3.258413699e-07 0 1 4275b.dat
1 1 -217.0708618 -63.35525513 -60.00028229 -0.7071054578 -0.7071079612 0 -0.70710814 0.7071057558 0 0 0 -1 3068b.dat
1 1 -222.7277069 -57.69842911 19.99969482 0 -0.7071079612 -0.7071054578 0 0.7071057558 -0.70710814 1 0 0 3832.dat
1 1 -228.3846436 -52.04162598 19.99964714 0 -0.7071079016 0.7071054578 0 0.7071056962 0.70710814 -1 0 0 3795.dat
1 1 -234.0415955 -46.38476181 9.999855042 0.7071054578 -0.7071079016 0 0.70710814 0.7071056962 0 0 0 1 3004.dat
1 1 -224.1418762 -70.42642975 39.99956131 0 -0.7071079016 0.7071054578 0 0.7071056962 0.70710814 -1 0 0 4162.dat
1 1 -209.9998474 -56.28429031 39.99952698 0 -0.7071079016 0.7071054578 0 0.7071056962 0.70710814 -1 0 0 4162.dat
1 1 -234.0415192 -46.38480377 59.99982834 0 -0.7071079016 -0.7071054578 0 0.7071056962 -0.70710814 1 0 0 3001.dat
1 1 -228.3847809 -52.04172897 89.99971771 -0.7071054578 -0.7071079016 -2.304042113e-07 -0.70710814 0.7071056962 -2.304050781e-07 3.258413699e-07 0 -1 4276b.dat
1 1 -228.3845673 -52.04161453 109.9996567 0.7071054578 -0.7071079612 2.304042113e-07 0.70710814 0.7071057558 2.304050781e-07 -3.258413699e-07 0 1 4275b.dat
1 1 -234.0414734 -46.38477707 109.9998474 -0.7071054578 -0.7071079016 0 -0.70710814 0.7071056962 0 0 0 -1 3298.dat
1 1 -131.6149445 -148.8102722 -50.0002327 -0.7071008682 0.7071124911 -2.304027191e-07 -0.7071127295 -0.7071011066 -2.304065845e-07 -3.258413699e-07 0 1 4275b.dat
1 1 -125.9580765 -154.4675903 -40.00022888 0 0.7071124911 0.7071008682 0 -0.7071011066 0.7071127295 1 0 0 3001.dat
1 1 -131.6149292 -148.810257 -70.00023651 0.7071008682 0.7071124911 2.304027191e-07 0.7071127295 -0.7071011066 2.304065845e-07 3.258413699e-07 0 -1 4276b.dat
1 1 -131.6149292 -148.8106537 19.99968338 0 0.7071124911 -0.7071009874 0 -0.7071011066 -0.7071127892 -1 0 0 3795.dat
1 1 -125.9580383 -154.4675903 9.999695778 -0.7071009278 0.7071124911 0 -0.7071127892 -0.7071011066 0 0 0 1 3004.dat
1 1 -142.9286804 -137.4970245 -60.00030136 0 0.7071124911 -0.7071009278 0 -0.7071011066 -0.7071127892 -1 0 0 3068b.dat
1 1 -137.2718048 -143.1539459 19.9996891 0 0.7071124911 0.7071009278 0 -0.7071011066 0.7071127892 1 0 0 3832.dat
1 1 -149.9996948 -144.5682068 39.99959946 0 0.7071124911 -0.7071009278 0 -0.7071011066 -0.7071127892 -1 0 0 4162.dat
1 1 -135.8576965 -130.4259338 39.99964523 0 0.7071124911 -0.7071009278 0 -0.7071011066 -0.7071127892 -1 0 0 4162.dat
1 1 -125.9580002 -154.4674377 59.99972916 0 0.7071124911 0.7071009278 0 -0.7071011066 0.7071127892 1 0 0 3001.dat
1 1 -131.6149445 -148.8106537 89.99965668 0.7071008682 0.7071124911 2.304027191e-07 0.7071127295 -0.7071011066 2.304065845e-07 3.258413699e-07 0 -1 4276b.dat
1 1 -131.6148682 -148.8106842 109.9996414 -0.7071008682 0.7071124911 -2.304027191e-07 -0.7071127295 -0.7071011066 -2.304065845e-07 -3.258413699e-07 0 1 4275b.dat
1 1 -125.9580841 -154.4674835 109.9996948 0.7071009278 0.7071124911 0 0.7071127892 -0.7071011066 0 0 0 -1 3298.dat
1 16 0 0 0 1 0 0 0 1 0 0 0 1 Ecal_and_tracker.lxf_0
1 16 0 0 0 1 0 0 0 1 0 0 0 1 Ecal_and_tracker.lxf_1
1 16 0 0 0 1 0 0 0 1 0 0 0 1 Ecal_and_tracker.lxf_2
1 16 0 0 0 1 0 0 0 1 0 0 0 1 Ecal_and_tracker.lxf_3
1 16 0 0 0 1 0 0 0 1 0 0 0 1 Ecal_and_tracker.lxf_4
1 16 -190.0002441 -128.000061 -80.09664154 1 0 0 0 1 0 0 0 1 Ecal_and_tracker.lxf_5

0 FILE Ecal_and_tracker.lxf_0

0 FILE Ecal_and_tracker.lxf_1

0 FILE Ecal_and_tracker.lxf_2

0 FILE Ecal_and_tracker.lxf_3

0 FILE Ecal_and_tracker.lxf_4

0 FILE Ecal_and_tracker.lxf_5
1 0 0 19.99999809 -24 -0.9999999404 0 0 0 0 0.9999999404 0 1 0 3063b.dat
1 0 -1.192092896e-05 20.00001144 -48.00003052 -0.9999999404 0 0 0 0 0.9999999404 0 1 0 3063b.dat
1 0 -1.192092896e-05 20.00002289 -72.00000763 -0.9999999404 0 0 0 0 0.9999999404 0 1 0 3063b.dat
1 36 20.00017166 59.99992371 -103.9037018 -0.9999999404 0 0 0 0 1 0 1 0 6141.dat
1 0 20.00024986 19.99993324 -23.9037075 0 0 -0.9999999404 -0.9999999404 0 0 0 1 0 3063b.dat
1 0 20.00024986 19.9999218 -47.90370941 0 0 -0.9999999404 -0.9999999404 0 0 0 1 0 3063b.dat
1 0 20.00024986 19.9999218 -71.90368652 0 0 -0.9999999404 -0.9999999404 0 0 0 1 0 3063b.dat
1 47 10.00023746 29.99995613 -23.95205307 0 0 0.9999999404 0.9999999404 0 0 0 1 0 6143.dat
1 47 10.00022602 29.99994469 -47.95204926 0 0 0.9999999404 0.9999999404 0 0 0 1 0 6143.dat
1 33 10.00022602 29.99994469 -71.95207214 0 0 0.9999999404 0.9999999404 0 0 0 1 0 6143.dat
1 0 20.00016022 39.99995041 -71.90372467 0.9999999404 0 0 0 0 -0.9999999404 0 1 0 3063b.dat
1 36 20.00017166 59.99996185 -87.90365601 -0.9999999404 0 0 0 0 1 0 1 0 6141.dat
1 36 -9.999799728 49.99995804 -87.90365601 -0.9999999404 0 0 0 0 1 0 1 0 6141.dat
1 36 -9.999799728 49.99995422 -103.9037018 -0.9999999404 0 0 0 0 1 0 1 0 6141.dat
1 36 -19.99979019 19.99995804 -87.90366364 -0.9999999404 0 0 0 0 1 0 1 0 6141.dat
1 71 10.00022602 29.99992943 -79.90368652 0 0 0.9999999404 1 0 0 0 1 0 60474.dat
1 36 20.00017166 -0.0001072883606 -87.90376282 -0.9999999404 0 0 0 0 1 0 1 0 6141.dat
1 72 10.00018978 29.99998093 -87.90365601 0 0 0.9999999404 1 0 0 0 1 0 4032a.dat
1 36 -19.99979019 19.99995804 -103.9037018 -0.9999999404 0 0 0 0 0.9999999404 0 1 0 6141.dat
1 71 10.00017834 29.99989319 -95.90362549 0 0 0.9999999404 1 0 0 0 1 0 60474.dat
1 36 20.00017166 -0.0001072883606 -103.9036636 -0.9999999404 0 0 0 0 1 0 1 0 6141.dat
1 72 10.00018978 29.99996758 -103.9037018 0 0 0.9999999404 1 0 0 0 1 0 4032a.dat
1 71 10.00018978 29.99988556 -111.903656 0 0 0.9999999404 1.000000119 0 0 0 1 0 60474.dat
1 0 0.0002562999725 39.99994278 -23.90372658 0 0 0.9999999404 0.9999999404 0 0 0 1 0 3063b.dat
1 0 20.00017166 39.99996948 -23.90370178 0.9999999404 0 0 0 0 -0.9999999404 0 1 0 3063b.dat
1 0 0.0002562999725 39.99993896 -47.90369797 0 0 0.9999999404 0.9999999404 0 0 0 1 0 3063b.dat
1 0 20.00016022 39.99996948 -47.90374756 0.9999999404 0 0 0 0 -0.9999999404 0 1 0 3063b.dat
1 0 0.0002562999725 39.99994278 -71.9037323 0 0 0.9999999404 0.9999999404 0 0 0 1 0 3063b.dat


