0 FILE Hcal_Side1.lxf
1 71 200.0003357 -362.4932556 -125.1434174 -1 0 0 0 -0.4999997616 -0.866025269 0 -0.8660255671 0.5000002384 4162.dat
1 71 20.00020218 -362.4932251 -125.1434326 -1 0 0 0 -0.4999997616 -0.866025269 0 -0.8660255671 0.5000002384 4162.dat
1 71 250.0004578 -373.6195068 129.5278931 3.258413699e-07 0 -1 -0.6427874565 -0.7660444975 -2.094467391e-07 -0.7660446167 0.6427875161 -2.496090303e-07 4276b.dat
1 71 200.0001373 -379.7479248 134.6703033 1 0 0 0 -0.7660444975 -0.6427873373 0 0.6427875161 -0.7660446167 3007.dat
1 71 230.0004425 -373.6196899 129.5280457 -3.258413699e-07 0 1 0.6427876949 -0.7660446167 2.094468243e-07 0.7660444379 0.6427873373 2.496089735e-07 4275b.dat
1 71 220.0002441 -367.4911194 124.3855972 1 0 0 0 -0.7660444975 -0.6427874565 0 0.6427875161 -0.7660446167 87079.dat
1 71 210.000473 -373.6195679 129.5279388 3.258413699e-07 0 -1 -0.6427874565 -0.7660444975 -2.094467391e-07 -0.7660446167 0.6427875161 -2.496090303e-07 4276b.dat
1 71 190.0003357 -373.6196899 129.5280457 -3.258413699e-07 0 1 0.6427876949 -0.7660446167 2.094468243e-07 0.7660444379 0.6427873373 2.496089735e-07 4275b.dat
1 71 270.0004272 -373.6196899 129.5280609 -3.258413699e-07 0 1 0.6427876949 -0.7660447955 2.094468243e-07 0.7660443783 0.6427872181 2.496089451e-07 4275b.dat
1 71 270.0004578 -367.4877625 124.3900528 0 0 -1 -0.6427876949 -0.7660446167 0 -0.7660444379 0.6427873373 0 3069b.dat
1 71 270.0004578 -391.7050171 157.7576141 0 0 1 0.6427873373 -0.7660444975 0 0.7660446167 0.6427875161 0 3623.dat
1 47 270.0003052 -404.261261 155.2395172 0 0 -1 -0.6427873969 -0.7660444975 0 -0.7660446763 0.6427877545 0 3023.dat
1 71 170.0002747 -373.6196899 129.5278015 3.258413699e-07 0 -1 -0.6427874565 -0.7660445571 -2.094467391e-07 -0.7660446167 0.6427875757 -2.496090303e-07 4276b.dat
1 0 120.0001984 -331.0202942 80.72871399 1 0 0 0 -0.7660445571 -0.6427876353 0 0.6427875757 -0.7660444975 2431.dat
1 71 130.0001678 -373.6195679 129.5279541 3.258413699e-07 0 -1 -0.6427873373 -0.7660446167 -2.094467106e-07 -0.7660447359 0.6427875161 -2.496090588e-07 4276b.dat
1 71 150.0001373 -373.6194458 129.5279083 -3.258413699e-07 0 1 0.6427873969 -0.7660444975 2.094467249e-07 0.7660446763 0.6427875757 2.496090588e-07 4275b.dat
1 0 0.0001013278961 -331.0202942 80.7288208 1 0 0 0 -0.7660444975 -0.6427876353 0 0.6427876949 -0.7660444975 2431.dat
1 71 -50.00041199 -373.6197815 129.5279236 3.258413699e-07 0 -1 -0.6427869797 -0.7660449147 -2.09446597e-07 -0.7660450339 0.6427870393 -2.496091724e-07 4276b.dat
1 0 -49.99988174 -331.0202942 80.72873688 1 0 0 0 -0.7660446167 -0.6427875757 0 0.6427875161 -0.7660445571 3070b.dat
1 71 9.999921799 -373.6194458 129.5278778 -3.258413699e-07 0 1 0.6427873373 -0.7660445571 2.094467106e-07 0.7660447359 0.6427876353 2.496090588e-07 4275b.dat
1 71 39.99990845 -379.7478333 134.6701965 1 0 0 0 -0.7660445571 -0.6427872777 0 0.6427875757 -0.7660447359 3007.dat
1 71 19.99996376 -385.2771301 165.4179993 -1 0 0 0 -0.7660444975 0.6427873373 0 0.6427875161 0.7660447359 3034.dat
1 71 40.00022888 -372.7208557 167.9361877 -1 0 0 0 -0.7660446167 0.6427873373 0 0.6427875161 0.7660447359 3460.dat
1 71 110.0002289 -366.5924683 162.7938538 -1 0 0 0 -0.7660444975 0.6427873969 0 0.6427875161 0.7660446763 3070b.dat
1 71 19.99998665 -366.5924988 162.7938538 -1 0 0 0 -0.7660445571 0.6427873373 0 0.6427876353 0.7660447359 4162.dat
1 71 -50.00021362 -372.7208557 167.9361572 -1 0 0 0 -0.7660444975 0.6427872777 0 0.6427875161 0.7660447955 3024.dat
1 47 -40.00026321 -384.9775391 178.2208557 1 0 0 0 -0.7660445571 -0.6427872777 0 0.6427875757 -0.7660447955 3023.dat
1 47 -0.0002048909664 -384.9775391 178.2208557 1 0 0 0 -0.7660445571 -0.6427872777 0 0.6427875757 -0.7660447955 3023.dat
1 47 39.99985123 -384.9775391 178.2208557 1 0 0 0 -0.7660445571 -0.6427872777 0 0.6427875757 -0.7660447955 3023.dat
1 47 79.99990845 -384.9775391 178.2208405 1 0 0 0 -0.7660444975 -0.6427872181 0 0.6427876949 -0.7660447955 3023.dat
1 71 20.00052261 -404.5607605 142.4368286 -1 0 0 0 -0.7660446167 0.6427872777 0 0.6427875161 0.7660447955 3460.dat
1 71 -10.00013638 -373.6194458 129.5278778 3.258413699e-07 0 -1 -0.6427873969 -0.7660444975 -2.094467249e-07 -0.7660446763 0.6427875161 -2.496090588e-07 4276b.dat
1 71 -29.99991989 -373.6194458 129.5276184 -3.258413699e-07 0 1 0.6427876353 -0.7660444379 2.094468101e-07 0.7660444975 0.6427878141 2.496090019e-07 4275b.dat
1 71 70.00010681 -373.6194458 129.52771 -3.258413699e-07 0 1 0.6427875757 -0.7660445571 2.094467817e-07 0.7660444975 0.6427875757 2.496090019e-07 4275b.dat
1 71 110.0002136 -373.6194458 129.5279083 -3.258413699e-07 0 1 0.6427873969 -0.7660444975 2.094467249e-07 0.7660446763 0.6427875161 2.496090588e-07 4275b.dat
1 71 89.99996948 -373.6194458 129.5278778 3.258413699e-07 0 -1 -0.6427873969 -0.7660444975 -2.094467249e-07 -0.7660446763 0.6427875161 -2.496090588e-07 4276b.dat
1 71 50.00014877 -373.6194763 129.5276337 -3.258413699e-07 0 1 0.6427875757 -0.7660444379 2.094467817e-07 0.7660444975 0.6427878141 2.496090019e-07 4275b.dat
1 71 30.00004005 -373.6194458 129.5278778 3.258413699e-07 0 -1 -0.6427873969 -0.7660444975 -2.094467249e-07 -0.7660446763 0.6427875161 -2.496090588e-07 4276b.dat
1 0 170.0003052 -331.0202942 80.72872925 1 0 0 0 -0.7660444975 -0.6427876353 0 0.6427876949 -0.7660444975 3070b.dat
1 71 180.000946 -404.5604858 142.436615 -1 0 0 0 -0.7660444975 0.6427873373 0 0.6427875161 0.7660446167 3460.dat
1 71 180.0002747 -385.2771606 165.4181061 1 0 0 0 -0.7660444975 -0.6427873373 0 0.6427875161 -0.7660446167 3034.dat
1 71 200.0004578 -372.7209778 167.9362488 -1 0 0 0 -0.7660446167 0.6427873373 0 0.6427873373 0.7660446763 3460.dat
1 71 200.0004272 -366.5924988 162.7939301 -1 0 0 0 -0.7660444975 0.6427874565 0 0.6427875161 0.7660446167 4162.dat
1 47 109.9999924 -384.9775696 178.2208862 0 0 -1 -0.6427872777 -0.7660445571 0 -0.7660447955 0.6427875757 0 3024.dat
1 47 140.0000458 -384.9776611 178.220871 1 0 0 0 -0.7660444975 -0.6427874565 0 0.6427876949 -0.7660446167 3023.dat
1 47 180.0001221 -384.9776611 178.220871 1 0 0 0 -0.7660444975 -0.6427874565 0 0.6427876949 -0.7660446167 3023.dat
1 47 220.0001984 -384.9776611 178.2208862 1 0 0 0 -0.7660444975 -0.6427874565 0 0.6427876949 -0.7660446167 3023.dat
1 71 -49.99947357 -379.7478638 134.6703644 0 0 1 0.6427872777 -0.7660446167 0 0.7660447955 0.6427875161 0 3700.dat
1 0 59.99456787 -331.0203247 80.72879791 1 0 0 0 -0.7660446167 -0.6427875161 0 0.6427875757 -0.7660445571 3069b.dat
1 47 -50.00030899 -404.2615356 155.2398071 0 0 -1 -0.6427871585 -0.7660446167 0 -0.7660447955 0.6427875161 0 3023.dat
1 47 -29.99966049 -404.2614136 155.2396851 0 0 1 0.6427872777 -0.7660446167 0 0.7660447955 0.6427875161 0 3023.dat
1 47 -9.999632835 -404.261261 155.239624 0 0 -1 -0.6427872777 -0.7660446167 0 -0.7660447955 0.6427875161 0 3023.dat
1 47 9.999799728 -404.2612915 155.239563 0 0 1 0.6427872777 -0.7660445571 0 0.7660447955 0.6427875757 0 3023.dat
1 47 29.99985123 -404.2611694 155.2395172 0 0 -1 -0.6427872777 -0.7660445571 0 -0.7660447955 0.6427875757 0 3023.dat
1 47 49.99990463 -404.2612915 155.239563 0 0 1 0.6427872777 -0.7660445571 0 0.7660447955 0.6427875757 0 3023.dat
1 47 69.99990845 -404.2611694 155.2395172 0 0 -1 -0.6427872777 -0.7660445571 0 -0.7660447955 0.6427875757 0 3023.dat
1 47 89.99992371 -404.2612915 155.239563 0 0 1 0.6427872777 -0.7660445571 0 0.7660447955 0.6427875757 0 3023.dat
1 47 109.9999695 -404.2611694 155.2395172 0 0 -1 -0.6427872777 -0.7660445571 0 -0.7660447955 0.6427875757 0 3023.dat
1 47 130.0000458 -404.2613525 155.239624 0 0 1 0.6427874565 -0.7660444975 0 0.7660446167 0.6427877545 0 3023.dat
1 47 150.0000305 -404.261261 155.2395325 0 0 -1 -0.6427874565 -0.7660444975 0 -0.7660446167 0.6427877545 0 3023.dat
1 47 170.0001373 -404.2613525 155.239624 0 0 1 0.6427874565 -0.7660444975 0 0.7660446167 0.6427877545 0 3023.dat
1 47 190.0001221 -404.261261 155.2395325 0 0 -1 -0.6427874565 -0.7660444975 0 -0.7660446167 0.6427877545 0 3023.dat
1 47 210.0001984 -404.2613525 155.239624 0 0 1 0.6427874565 -0.7660444975 0 0.7660446167 0.6427877545 0 3023.dat
1 47 230.0002136 -404.261261 155.2395325 0 0 -1 -0.6427874565 -0.7660444975 0 -0.7660446167 0.6427877545 0 3023.dat
1 47 250.0002594 -404.2613525 155.239563 0 0 1 0.6427873969 -0.7660444975 0 0.7660446763 0.6427877545 0 3023.dat
1 47 260.0002441 -384.9776306 178.2208862 1 0 0 0 -0.7660444975 -0.6427873969 0 0.6427876949 -0.7660446763 3023.dat
1 71 250.0005493 -402.4691162 79.55884552 -3.258413699e-07 0 1 0.342019707 -0.9396925569 1.11444173e-07 0.9396927953 0.3420204818 3.061907989e-07 4275b.dat
1 71 220.0004578 -394.9518433 76.82271576 1 0 0 0 -0.9396924973 -0.3420196474 0 0.3420203924 -0.9396927357 87079.dat
1 71 230.0005188 -402.4691467 79.55893707 3.258413699e-07 0 -1 -0.342019707 -0.9396924973 -1.11444173e-07 -0.9396927953 0.342020452 -3.061907989e-07 4276b.dat
1 71 200.0003815 -409.9866943 82.29508209 1 0 0 0 -0.9396926165 -0.342019707 0 0.3420200646 -0.9396927357 3007.dat
1 71 210.0004425 -402.4691162 79.55890656 -3.258413699e-07 0 1 0.3420196772 -0.9396924973 1.114441588e-07 0.9396927953 0.3420204222 3.061907989e-07 4275b.dat
1 71 270.0005188 -402.4691467 79.55898285 3.258413699e-07 0 -1 -0.342019707 -0.9396924973 -1.11444173e-07 -0.9396927953 0.342020452 -3.061907989e-07 4276b.dat
1 71 270.0004578 -394.9499512 76.82801819 0 0 -1 -0.342019707 -0.9396924973 0 -0.9396927953 0.3420204222 0 3069b.dat
1 71 270.0003357 -429.1191711 99.90050507 0 0 1 0.342019707 -0.9396926165 0 0.9396927357 0.3420200646 0 3623.dat
1 47 270.0003967 -440.0568848 93.23976135 0 0 -1 -0.342019707 -0.9396926165 0 -0.9396927357 0.3420200646 0 3023.dat
1 71 180.0007782 -435.9593506 81.10668182 -1 0 0 0 -0.9396926165 0.342019707 0 0.3420200944 0.9396927357 3460.dat
1 71 190.0005035 -402.4691467 79.55893707 3.258413699e-07 0 -1 -0.342019707 -0.9396924973 -1.11444173e-07 -0.9396927953 0.342020452 -3.061907989e-07 4276b.dat
1 71 180.0004425 -425.6989441 109.2974396 1 0 0 0 -0.9396926165 -0.342019707 0 0.3420200646 -0.9396927357 3034.dat
1 71 200.0003357 -414.7611694 115.958313 -1 0 0 0 -0.9396926165 0.3420197368 0 0.3420200944 0.9396927953 3460.dat
1 71 200.000351 -407.2436218 113.2221222 -1 0 0 0 -0.9396926165 0.3420198262 0 0.342020154 0.9396927357 4162.dat
1 47 220.000412 -429.7963257 121.430603 1 0 0 0 -0.9396927357 -0.342019707 0 0.3420200646 -0.9396927357 3023.dat
1 47 180.0004425 -429.7963257 121.430603 1 0 0 0 -0.9396927357 -0.342019707 0 0.3420200646 -0.9396927357 3023.dat
1 47 140.0004272 -429.7963257 121.430603 1 0 0 0 -0.9396927357 -0.342019707 0 0.3420200646 -0.9396927357 3023.dat
1 47 110.0004196 -429.7962646 121.4306107 0 0 -1 -0.3420194983 -0.9396927357 0 -0.9396927953 0.3420200348 0 3024.dat
1 71 170.0002899 -402.4692383 79.558815 -3.258413699e-07 0 1 0.3420197368 -0.9396926165 1.114441801e-07 0.9396927953 0.342020154 3.061907989e-07 4275b.dat
1 0 170.0003815 -345.7490234 48.27243423 1 0 0 0 -0.9396927357 -0.342019707 0 0.3420200348 -0.9396927357 3070b.dat
1 71 150.0002289 -402.4692078 79.55860901 3.258413699e-07 0 -1 -0.342019558 -0.9396926761 -1.114441233e-07 -0.9396928549 0.3420197964 -3.061907989e-07 4276b.dat
1 71 130.0003357 -402.4690552 79.55895996 -3.258413699e-07 0 1 0.3420197666 -0.9396925569 1.114441872e-07 0.9396927953 0.3420201242 3.061907989e-07 4275b.dat
1 0 120.0004349 -345.7490845 48.27240753 1 0 0 0 -0.9396927357 -0.342019707 0 0.3420197368 -0.9396927357 2431.dat
1 0 0.0003635883331 -345.7491455 48.27252197 1 0 0 0 -0.9396927357 -0.342019707 0 0.3420200348 -0.9396927357 2431.dat
1 71 -49.99982834 -402.4693909 79.55898285 -3.258413699e-07 0 1 0.3420193195 -0.9396927357 1.114440451e-07 0.9396928549 0.3420196474 3.061907989e-07 4275b.dat
1 0 -49.99964142 -345.749054 48.27248001 1 0 0 0 -0.9396927357 -0.342019707 0 0.3420197666 -0.9396927953 3070b.dat
1 71 90.0005188 -402.4692078 79.55892944 -3.258413699e-07 0 1 0.342019707 -0.9396926165 1.11444173e-07 0.9396927953 0.3420200944 3.061907989e-07 4275b.dat
1 71 40.00038528 -409.9867859 82.29512024 1 0 0 0 -0.9396926165 -0.3420197666 0 0.3420200646 -0.9396927953 3007.dat
1 71 110.0002899 -402.4693604 79.55865479 3.258413699e-07 0 -1 -0.3420196474 -0.9396926761 -1.114441517e-07 -0.9396927953 0.3420198262 -3.061907989e-07 4276b.dat
1 71 70.00028229 -402.4695435 79.55888367 3.258413699e-07 0 -1 -0.3420193791 -0.9396927357 -1.114440664e-07 -0.9396928549 0.3420196474 -3.061907989e-07 4276b.dat
1 71 50.00035095 -402.4693604 79.55865479 3.258413699e-07 0 -1 -0.3420196474 -0.9396926761 -1.114441517e-07 -0.9396927953 0.3420198262 -3.061907989e-07 4276b.dat
1 71 20.00113106 -435.9597168 81.10682678 -1 0 0 0 -0.9396925569 0.3420197964 0 0.342020154 0.9396926761 3460.dat
1 71 30.00030899 -402.4692383 79.55898285 -3.258413699e-07 0 1 0.3420198262 -0.9396926165 1.114442085e-07 0.9396927357 0.3420200944 3.061907705e-07 4275b.dat
1 71 20.00051117 -425.6990356 109.2975388 -1 0 0 0 -0.9396926165 0.3420198262 0 0.3420200646 0.9396927357 3034.dat
1 71 40.0004921 -414.7612915 115.958313 -1 0 0 0 -0.9396926165 0.3420198262 0 0.3420200944 0.9396927357 3460.dat
1 71 110.0004883 -407.2437744 113.2221375 -1 0 0 0 -0.9396925569 0.3420198262 0 0.3420201242 0.9396927357 3070b.dat
1 71 20.00051117 -407.2437744 113.2221375 -1 0 0 0 -0.9396926165 0.3420198262 0 0.3420200646 0.9396927357 4162.dat
1 71 -49.99969101 -414.7613525 115.9582748 -1 0 0 0 -0.9396925569 0.3420198262 0 0.3420201242 0.9396927357 3024.dat
1 47 80.00041199 -429.7962036 121.4306107 1 0 0 0 -0.9396927357 -0.3420194685 0 0.3420200348 -0.9396928549 3023.dat
1 47 40.00040054 -429.7962036 121.4306107 1 0 0 0 -0.9396927357 -0.3420194983 0 0.3420200348 -0.9396927953 3023.dat
1 47 0.0004149973392 -429.7962036 121.4306107 1 0 0 0 -0.9396927357 -0.3420194983 0 0.3420200348 -0.9396927953 3023.dat
1 47 -39.99959564 -429.7962036 121.4306107 1 0 0 0 -0.9396927357 -0.3420194983 0 0.3420200348 -0.9396927953 3023.dat
1 71 10.0001545 -402.4695435 79.55887604 3.258413699e-07 0 -1 -0.3420194387 -0.9396927357 -1.114440806e-07 -0.9396929145 0.3420196474 -3.061908274e-07 4276b.dat
1 71 -9.9997015 -402.4691162 79.55887604 -3.258413699e-07 0 1 0.3420197368 -0.9396925569 1.114441801e-07 0.9396927953 0.3420201242 3.061907989e-07 4275b.dat
1 71 -29.99987984 -402.4694824 79.55886841 3.258413699e-07 0 -1 -0.3420193195 -0.9396927953 -1.114440451e-07 -0.9396928549 0.3420196474 -3.061907989e-07 4276b.dat
1 71 -49.99983215 -409.986969 82.2951355 0 0 1 0.3420192599 -0.9396926761 0 0.9396928549 0.3420195878 0 3700.dat
1 0 59.99478149 -345.749115 48.27248001 1 0 0 0 -0.9396927357 -0.3420196772 0 0.3420197666 -0.9396927953 3069b.dat
1 47 260.0004272 -429.7963257 121.430603 1 0 0 0 -0.9396926761 -0.342019707 0 0.3420200348 -0.9396927357 3023.dat
1 47 250.0004272 -440.0570068 93.23973846 0 0 1 0.342019707 -0.9396926165 0 0.9396927357 0.3420200646 0 3023.dat
1 47 230.0003967 -440.0568848 93.23976898 0 0 -1 -0.342019707 -0.9396926165 0 -0.9396927357 0.3420200646 0 3023.dat
1 47 210.0004272 -440.0570374 93.23979187 0 0 1 0.342019707 -0.9396926165 0 0.9396927357 0.3420200646 0 3023.dat
1 47 190.0003815 -440.0568848 93.23976898 0 0 -1 -0.342019707 -0.9396926165 0 -0.9396927357 0.3420200646 0 3023.dat
1 47 170.0004272 -440.0570374 93.23979187 0 0 1 0.342019707 -0.9396926165 0 0.9396927357 0.3420200646 0 3023.dat
1 47 150.0003967 -440.0568848 93.23976898 0 0 -1 -0.342019707 -0.9396926165 0 -0.9396927357 0.3420200646 0 3023.dat
1 47 130.0004272 -440.0570374 93.23979187 0 0 1 0.342019707 -0.9396926165 0 0.9396927357 0.3420200646 0 3023.dat
1 47 110.0003967 -440.0567932 93.23978424 0 0 -1 -0.3420194983 -0.9396927357 0 -0.9396927953 0.3420200348 0 3023.dat
1 47 90.0003891 -440.0569458 93.23976898 0 0 1 0.3420194983 -0.9396927357 0 0.9396927953 0.3420200348 0 3023.dat
1 47 70.00041199 -440.0567932 93.23978424 0 0 -1 -0.3420194983 -0.9396927357 0 -0.9396927953 0.3420200348 0 3023.dat
1 47 50.00040436 -440.0569458 93.23976898 0 0 1 0.3420194983 -0.9396927357 0 0.9396927953 0.3420200348 0 3023.dat
1 47 30.00040054 -440.0567932 93.23978424 0 0 -1 -0.3420194983 -0.9396927357 0 -0.9396927953 0.3420200348 0 3023.dat
1 47 10.00039577 -440.0569458 93.23976898 0 0 1 0.3420194983 -0.9396927357 0 0.9396927953 0.3420200348 0 3023.dat
1 47 -9.999012947 -440.0569458 93.23988342 0 0 -1 -0.3420194387 -0.9396927357 0 -0.9396929145 0.342019856 0 3023.dat
1 47 -29.99899292 -440.0570984 93.23986053 0 0 1 0.3420194387 -0.9396927357 0 0.9396929145 0.342019856 0 3023.dat
1 47 -49.99964142 -440.0572815 93.23995209 0 0 -1 -0.3420194983 -0.9396927357 0 -0.9396928549 0.342019856 0 3023.dat
1 71 250.000412 -412.9711609 19.9996624 3.258413699e-07 0 -1 0 -1 0 -1 0 -3.258413699e-07 4276b.dat
1 71 220.0004272 -404.9711609 19.9997673 1 0 0 0 -1 0 0 0 -1 87079.dat
1 71 230.0008087 -412.9711304 19.99993324 -3.258413699e-07 0 1 0 -1 0 1 0 3.258413699e-07 4275b.dat
1 71 200.000351 -420.9713135 19.99969482 1 0 0 0 -1 0 0 0 -1 3007.dat
1 71 170.0003204 -412.9712219 19.99966431 3.258413699e-07 0 -1 0 -1 0 -1 0 -3.258413699e-07 4276b.dat
1 0 170.0001831 -348.9710693 9.999651909 1 0 0 0 -1 0 0 0 -1 3070b.dat
1 71 150.0002441 -412.9711304 19.99964714 -3.258413699e-07 0 1 0 -1 0 1 0 3.258413699e-07 4275b.dat
1 71 130.0003815 -412.9711609 19.99961662 3.258413699e-07 0 -1 0 -1 0 -1 0 -3.258413699e-07 4276b.dat
1 0 120.0000992 -348.9710999 9.999671936 1 0 0 0 -1 0 0 0 -1 2431.dat
1 71 10.00001717 -412.971344 19.99996948 -3.258413699e-07 0 1 0 -1 0 1 0 3.258413699e-07 4275b.dat
1 71 40.0000267 -420.9712524 19.99977875 1 0 0 0 -1 0 0 0 -1 3007.dat
1 71 -9.999993324 -412.971405 19.99992943 3.258413699e-07 0 -1 0 -1 0 -1 0 -3.258413699e-07 4276b.dat
1 71 -29.99999237 -412.9712219 19.9997673 -3.258413699e-07 0 1 0 -1 0 1 0 3.258413699e-07 4275b.dat
1 71 110.0001907 -412.9711609 19.99973106 -3.258413699e-07 0 1 0 -1 0 1 0 3.258413699e-07 4275b.dat
1 71 90.00035095 -412.9712219 19.99970245 3.258413699e-07 0 -1 0 -1 0 -1 0 -3.258413699e-07 4276b.dat
1 71 70.00028229 -412.9712219 19.99977875 -3.258413699e-07 0 1 0 -1 0 1 0 3.258413699e-07 4275b.dat
1 71 50.00005341 -412.9711609 19.99973106 -3.258413699e-07 0 1 0 -1 0 1 0 3.258413699e-07 4275b.dat
1 71 20.00097656 -444.971405 9.999845505 -1 0 0 0 -1 0 0 0 1 3460.dat
1 71 30.00006294 -412.9712219 19.99970245 3.258413699e-07 0 -1 0 -1 0 -1 0 -3.258413699e-07 4276b.dat
1 71 20.00035667 -444.971283 39.99970627 -1 0 0 0 -1 0 0 0 1 3034.dat
1 47 79.99996948 -452.9712219 49.99982071 1 0 0 0 -1 0 0 0 -1 3023.dat
1 47 39.99992371 -452.9712219 49.99981689 1 0 0 0 -1 0 0 0 -1 3023.dat
1 47 -0.0001333653927 -452.9712219 49.99981689 1 0 0 0 -1 0 0 0 -1 3023.dat
1 47 -40.00016785 -452.9712219 49.99981308 1 0 0 0 -1 0 0 0 -1 3023.dat
1 71 40.00044632 -436.971283 49.99978256 -1 0 0 0 -1 0 0 0 1 3460.dat
1 71 110.0003586 -428.9712524 49.99977493 -1 0 0 0 -1 0 0 0 1 3070b.dat
1 71 20.00040436 -428.9712524 49.99978638 -1 0 0 0 -1 0 0 0 1 4162.dat
1 71 -49.99995422 -436.971283 49.99978638 -1 0 0 0 -1 0 0 0 1 3024.dat
1 0 -1.788139343e-05 -348.9710999 9.999651909 1 0 0 0 -1 0 0 0 -1 2431.dat
1 71 -50.00000763 -412.971344 19.99972534 3.258413699e-07 0 -1 0 -1 0 -1 0 -3.258413699e-07 4276b.dat
1 0 -50.00004578 -348.9710693 9.999620438 1 0 0 0 -1 0 0 0 -1 3070b.dat
1 71 210.0005798 -412.9711609 19.99966431 3.258413699e-07 0 -1 0 -1 0 -1 0 -3.258413699e-07 4276b.dat
1 71 270.0007324 -412.9711304 19.99993324 -3.258413699e-07 0 1 0 -1 0 1 0 3.258413699e-07 4275b.dat
1 71 270.0007019 -404.9712524 20.00558472 0 0 -1 0 -1 0 -1 0 0 3069b.dat
1 71 270.0002441 -444.971283 29.99966431 0 0 1 0 -1 0 1 0 0 3623.dat
1 47 270.0002136 -452.9713135 19.99973869 0 0 -1 0 -1 0 -1 0 0 3023.dat
1 71 180.0007782 -444.9709778 9.999760628 -1 0 0 0 -1 0 0 0 1 3460.dat
1 71 180.0001831 -444.971283 39.99977493 1 0 0 0 -1 0 0 0 -1 3034.dat
1 71 200.0002441 -436.9714355 49.99974823 -1 0 0 0 -1 0 0 0 1 3460.dat
1 71 200.0002441 -428.971283 49.99974823 -1 0 0 0 -1 0 0 0 1 4162.dat
1 47 220.0001526 -452.9713135 49.99978638 1 0 0 0 -1 0 0 0 -1 3023.dat
1 47 180.0001373 -452.9713135 49.99978256 1 0 0 0 -1 0 0 0 -1 3023.dat
1 47 140.0000763 -452.9713135 49.99977875 1 0 0 0 -1 0 0 0 -1 3023.dat
1 47 110.0000153 -452.9712524 49.99982452 0 0 -1 0 -1 0 -1 0 0 3024.dat
1 71 190.0006256 -412.9711304 19.99993324 -3.258413699e-07 0 1 0 -1 0 1 0 3.258413699e-07 4275b.dat
1 71 -49.99964142 -420.971344 19.99969101 0 0 1 0 -1 0 1 0 0 3700.dat
1 0 59.9944725 -348.9710693 9.999684334 1 0 0 0 -1 0 0 0 -1 3069b.dat
1 47 260.0002136 -452.9713135 49.99979019 1 0 0 0 -1 0 0 0 -1 3023.dat
1 47 250.0002136 -452.971405 19.99969101 0 0 1 0 -1 0 1 0 0 3023.dat
1 47 230.0001831 -452.9713745 19.99973679 0 0 -1 0 -1 0 -1 0 0 3023.dat
1 47 210.0001526 -452.9714661 19.99973679 0 0 1 0 -1 0 1 0 0 3023.dat
1 47 190.0001221 -452.9713745 19.99973297 0 0 -1 0 -1 0 -1 0 0 3023.dat
1 47 170.0001373 -452.9714661 19.99973297 0 0 1 0 -1 0 1 0 0 3023.dat
1 47 150.0000763 -452.9713745 19.99973106 0 0 -1 0 -1 0 -1 0 0 3023.dat
1 47 130.0000763 -452.9714661 19.99973106 0 0 1 0 -1 0 1 0 0 3023.dat
1 47 109.9999924 -452.9712524 19.99977493 0 0 -1 0 -1 0 -1 0 0 3023.dat
1 47 89.99998474 -452.9713745 19.99972725 0 0 1 0 -1 0 1 0 0 3023.dat
1 47 69.99996948 -452.9712524 19.99977303 0 0 -1 0 -1 0 -1 0 0 3023.dat
1 47 49.99995422 -452.9713745 19.99972534 0 0 1 0 -1 0 1 0 0 3023.dat
1 47 29.99992371 -452.9712524 19.99976921 0 0 -1 0 -1 0 -1 0 0 3023.dat
1 47 9.999895096 -452.9713745 19.99972153 0 0 1 0 -1 0 1 0 0 3023.dat
1 47 -9.999585152 -452.971405 19.99981308 0 0 -1 0 -1 0 -1 0 0 3023.dat
1 47 -29.99958992 -452.9714966 19.9997673 0 0 1 0 -1 0 1 0 0 3023.dat
1 47 -50.00021362 -452.9717407 19.99976349 0 0 -1 0 -1 0 -1 0 0 3023.dat
1 71 250.0005798 -402.9517517 -36.82302475 -3.258413699e-07 0 1 -0.342020452 -0.9396926165 -1.114444146e-07 0.9396926165 -0.3420202136 3.061907421e-07 4275b.dat
1 71 220.000412 -395.4342957 -34.08685303 1 0 0 0 -0.9396926165 0.342020452 0 -0.3420202434 -0.9396924973 87079.dat
1 71 230.000473 -402.9517517 -36.82303238 3.258413699e-07 0 -1 0.342020452 -0.9396926761 1.114444146e-07 -0.9396924973 -0.3420201242 -3.061906853e-07 4276b.dat
1 71 200.0001831 -410.4692993 -39.55921173 1 0 0 0 -0.9396925569 0.3420204222 0 -0.342020452 -0.9396924973 3007.dat
1 71 210.0004425 -402.9517517 -36.82304001 -3.258413699e-07 0 1 -0.342020452 -0.9396926165 -1.114444146e-07 0.9396924973 -0.3420202434 3.061906853e-07 4275b.dat
1 71 270.0004272 -402.9518127 -36.82303238 3.258413699e-07 0 -1 0.342020452 -0.9396926761 1.114444146e-07 -0.9396924973 -0.3420201242 -3.061906853e-07 4276b.dat
1 71 270.0003357 -395.4361572 -34.08160019 0 0 -1 0.342020452 -0.9396925569 0 -0.9396924973 -0.3420203924 0 3069b.dat
1 71 270.0004883 -436.4424133 -38.37101746 0 0 1 -0.3420204222 -0.939692378 0 0.9396924973 -0.3420209289 0 3623.dat
1 47 270.0003967 -440.5394592 -50.50407791 0 0 -1 0.342020303 -0.939692378 0 -0.9396924973 -0.34202075 0 3023.dat
1 71 179.9999542 -439.8627319 -28.9739666 1 0 0 0 -0.939692378 0.3420204222 0 -0.3420209289 -0.9396924973 3034.dat
1 47 109.9999161 -450.8000793 -22.31318283 0 0 -1 0.3420205414 -0.939692378 0 -0.9396924376 -0.3420208097 0 3024.dat
1 47 140.0000153 -450.8001404 -22.31324387 1 0 0 0 -0.939692378 0.3420204222 0 -0.3420208097 -0.9396925569 3023.dat
1 47 180.0001221 -450.8001404 -22.31324387 1 0 0 0 -0.939692378 0.3420204222 0 -0.3420208097 -0.9396925569 3023.dat
1 47 220.0002441 -450.8001404 -22.31324387 1 0 0 0 -0.939692378 0.3420204222 0 -0.3420208097 -0.9396925569 3023.dat
1 71 200.0006714 -435.7654114 -16.84089661 -1 0 0 0 -0.9396924973 -0.3420204222 0 -0.342020601 0.9396924973 3460.dat
1 71 200.000473 -428.2477722 -14.10476303 -1 0 0 0 -0.9396924376 -0.3420204222 0 -0.3420207202 0.9396924973 4162.dat
1 71 180.0010681 -429.6018066 -57.16466904 -1 0 0 0 -0.939692378 -0.3420204222 0 -0.3420209289 0.9396924973 3460.dat
1 71 190.0005035 -402.9517517 -36.82303238 3.258413699e-07 0 -1 0.342020452 -0.9396926761 1.114444146e-07 -0.9396924973 -0.3420201242 -3.061906853e-07 4276b.dat
1 71 170.0000916 -402.9518127 -36.82318497 -3.258413699e-07 0 1 -0.342020452 -0.9396925569 -1.114444146e-07 0.9396924973 -0.3420203924 3.061906853e-07 4275b.dat
1 0 170.0000763 -339.3911743 -24.33080673 1 0 0 0 -0.9396925569 0.3420198858 0 -0.3420203924 -0.9396926761 3070b.dat
1 71 9.999820709 -402.9519653 -36.8233757 3.258413699e-07 0 -1 0.342020452 -0.939692378 1.114444146e-07 -0.9396924376 -0.3420209289 -3.061906853e-07 4276b.dat
1 71 39.99979019 -410.4695435 -39.55952072 1 0 0 0 -0.939692378 0.342020601 0 -0.3420209289 -0.9396924376 3007.dat
1 71 -10.00003529 -402.9519043 -36.82286072 -3.258413699e-07 0 1 -0.3420210183 -0.939692378 -1.114445993e-07 0.9396922588 -0.3420208693 3.061906e-07 4275b.dat
1 71 -30.00023651 -402.9519653 -36.8233757 3.258413699e-07 0 -1 0.342020452 -0.939692378 1.114444146e-07 -0.9396924376 -0.3420209289 -3.061906853e-07 4276b.dat
1 71 90.00011444 -402.9517517 -36.82305527 -3.258413699e-07 0 1 -0.3420205414 -0.9396924973 -1.11444443e-07 0.9396924376 -0.342020601 3.061906853e-07 4275b.dat
1 71 109.999939 -402.9516602 -36.82344437 3.258413699e-07 0 -1 0.3420202732 -0.9396924973 1.114443577e-07 -0.9396925569 -0.3420205414 -3.061907137e-07 4276b.dat
1 71 69.99993896 -402.9519653 -36.82337952 3.258413699e-07 0 -1 0.342020452 -0.939692378 1.114444146e-07 -0.9396924376 -0.3420209289 -3.061906853e-07 4276b.dat
1 71 50.00004196 -402.9516602 -36.82344437 3.258413699e-07 0 -1 0.3420202732 -0.9396924973 1.114443577e-07 -0.9396925569 -0.3420205414 -3.061907137e-07 4276b.dat
1 71 19.99986839 -439.8626709 -28.97415543 -1 0 0 0 -0.939692378 -0.342020601 0 -0.3420209289 0.9396924376 3034.dat
1 47 -40.00043106 -450.8000488 -22.31316566 1 0 0 0 -0.939692378 0.3420205414 0 -0.3420208097 -0.9396924376 3023.dat
1 47 -0.0003717839718 -450.8000488 -22.31316566 1 0 0 0 -0.939692378 0.3420205414 0 -0.3420208097 -0.9396924376 3023.dat
1 47 39.99973297 -450.8000488 -22.31316566 1 0 0 0 -0.939692378 0.3420205414 0 -0.3420208097 -0.9396924376 3023.dat
1 47 79.99983978 -450.8000488 -22.31316566 1 0 0 0 -0.9396924376 0.342020601 0 -0.3420207798 -0.9396924973 3023.dat
1 71 39.99995422 -435.7653503 -16.84095383 -1 0 0 0 -0.939692378 -0.342020601 0 -0.3420209289 0.9396924376 3460.dat
1 71 109.9999161 -428.2477722 -14.10481739 -1 0 0 0 -0.9396924376 -0.3420205414 0 -0.3420207202 0.9396924376 3070b.dat
1 71 19.99991608 -428.2477722 -14.10481644 -1 0 0 0 -0.939692378 -0.342020601 0 -0.3420209289 0.9396924376 4162.dat
1 71 -50.00019073 -435.7653198 -16.84101105 -1 0 0 0 -0.939692378 -0.342020601 0 -0.3420209289 0.9396924376 3024.dat
1 71 20.00058365 -429.6021423 -57.1648674 -1 0 0 0 -0.939692378 -0.342020601 0 -0.3420209289 0.9396924376 3460.dat
1 71 30.00009346 -402.9517517 -36.82305527 -3.258413699e-07 0 1 -0.3420205414 -0.9396924973 -1.11444443e-07 0.9396924376 -0.342020601 3.061906853e-07 4275b.dat
1 71 150.0000153 -402.9516602 -36.82342148 3.258413699e-07 0 -1 0.3420200944 -0.9396924973 1.114442938e-07 -0.9396926165 -0.3420205414 -3.061907421e-07 4276b.dat
1 71 130.0001678 -402.9517517 -36.82304001 -3.258413699e-07 0 1 -0.3420203924 -0.9396924973 -1.114443933e-07 0.9396924973 -0.3420204222 3.061906853e-07 4275b.dat
1 0 120.0000076 -339.3911438 -24.33079529 1 0 0 0 -0.9396925569 0.3420197964 0 -0.3420203626 -0.9396927357 2431.dat
1 0 -8.940696716e-05 -339.3912659 -24.33073997 1 0 0 0 -0.9396926165 0.3420200944 0 -0.3420202732 -0.9396927357 2431.dat
1 71 -50.00018311 -402.9519043 -36.82313538 -3.258413699e-07 0 1 -0.3420206308 -0.939692378 -1.114444714e-07 0.9396924973 -0.3420208693 3.061906853e-07 4275b.dat
1 0 -50.00014496 -339.3912354 -24.3307991 1 0 0 0 -0.9396926165 0.3420199454 0 -0.3420202136 -0.9396926761 3070b.dat
1 71 -49.99940491 -410.4697266 -39.55945206 0 0 1 -0.3420205712 -0.939692378 0 0.9396924376 -0.3420208991 0 3700.dat
1 0 59.99437714 -339.3912659 -24.33075523 1 0 0 0 -0.9396925569 0.3420200646 0 -0.342020303 -0.9396926761 3069b.dat
1 47 -50.00047684 -440.5398254 -50.50417709 0 0 -1 0.342020601 -0.939692378 0 -0.9396924376 -0.3420209289 0 3023.dat
1 47 -29.99985123 -440.5396423 -50.50413132 0 0 1 -0.3420206308 -0.939692378 0 0.9396924973 -0.3420209289 0 3023.dat
1 47 -9.999799728 -440.5395508 -50.50402451 0 0 -1 0.3420206308 -0.939692378 0 -0.9396924973 -0.3420209289 0 3023.dat
1 47 9.999656677 -440.5394897 -50.50412369 0 0 1 -0.3420205414 -0.939692378 0 0.9396924376 -0.3420208097 0 3023.dat
1 47 29.99973297 -440.5393982 -50.50401688 0 0 -1 0.3420205414 -0.939692378 0 -0.9396924376 -0.3420208097 0 3023.dat
1 47 49.99980927 -440.5394897 -50.50412369 0 0 1 -0.3420205414 -0.939692378 0 0.9396924376 -0.3420208097 0 3023.dat
1 47 69.99983978 -440.5393982 -50.50401688 0 0 -1 0.3420205414 -0.939692378 0 -0.9396924376 -0.3420208097 0 3023.dat
1 47 89.99986267 -440.5394897 -50.50412369 0 0 1 -0.3420205414 -0.939692378 0 0.9396924376 -0.3420208097 0 3023.dat
1 47 109.9998932 -440.5393982 -50.50401688 0 0 -1 0.3420205414 -0.939692378 0 -0.9396924376 -0.3420208097 0 3023.dat
1 47 130 -440.5396118 -50.50415421 0 0 1 -0.3420204222 -0.939692378 0 0.9396925569 -0.34202075 0 3023.dat
1 47 150.0000305 -440.5394897 -50.5041008 0 0 -1 0.3420204222 -0.939692378 0 -0.9396925569 -0.34202075 0 3023.dat
1 47 170.0001068 -440.5396118 -50.50415421 0 0 1 -0.3420204222 -0.939692378 0 0.9396925569 -0.34202075 0 3023.dat
1 47 190.0001526 -440.5394897 -50.5041008 0 0 -1 0.3420204222 -0.939692378 0 -0.9396925569 -0.34202075 0 3023.dat
1 47 210.0002594 -440.5396118 -50.50415421 0 0 1 -0.3420204222 -0.939692378 0 0.9396925569 -0.34202075 0 3023.dat
1 47 230.0002747 -440.5394897 -50.5041008 0 0 -1 0.3420204222 -0.939692378 0 -0.9396925569 -0.34202075 0 3023.dat
1 47 250.000351 -440.5394897 -50.50418854 0 0 1 -0.342020303 -0.939692378 0 0.9396924973 -0.34202075 0 3023.dat
1 47 260.0003357 -450.8001404 -22.31324387 1 0 0 0 -0.9396924376 0.342020303 0 -0.3420207202 -0.9396924973 3023.dat
1 71 250.0003052 -372.7129517 -89.19872284 3.258413699e-07 0 -1 0.6427874565 -0.7660440803 2.094467391e-07 -0.7660445571 -0.642787993 -2.496090019e-07 4276b.dat
1 71 220.0001678 -366.5845947 -84.05645752 1 0 0 0 -0.7660441399 0.6427875161 0 -0.6427881122 -0.7660446763 87079.dat
1 71 230.0002289 -372.7129822 -89.19837189 -3.258413699e-07 0 1 -0.6427876949 -0.7660441399 -2.094468243e-07 0.7660444975 -0.6427881122 2.496090019e-07 4275b.dat
1 71 200.0001373 -378.8413391 -94.34109497 1 0 0 0 -0.7660440803 0.6427877545 0 -0.6427881718 -0.7660446167 3007.dat
1 71 210.0002594 -372.7129211 -89.19883728 3.258413699e-07 0 -1 0.6427875757 -0.7660441399 2.094467817e-07 -0.7660446167 -0.6427881122 -2.496090303e-07 4276b.dat
1 71 270.0002441 -372.7129822 -89.19837189 -3.258413699e-07 0 1 -0.6427876949 -0.7660441399 -2.094468243e-07 0.7660444975 -0.6427881122 2.496090019e-07 4275b.dat
1 71 270.0002747 -366.5882568 -84.05180359 0 0 -1 0.6427877545 -0.7660441399 0 -0.7660446167 -0.6427881122 0 3069b.dat
1 71 270.0000916 -403.6542358 -102.1074982 0 0 1 -0.6427876353 -0.7660440803 0 0.7660445571 -0.6427881718 0 3623.dat
1 47 270.0003052 -403.3544617 -114.9100418 0 0 -1 0.6427875757 -0.7660441399 0 -0.7660446167 -0.6427881122 0 3023.dat
1 71 180.000061 -410.0821838 -94.44701385 1 0 0 0 -0.7660441399 0.6427876353 0 -0.6427881122 -0.7660445571 3034.dat
1 47 110.0000763 -422.6381226 -91.92861176 0 0 -1 0.6427876949 -0.7660441399 0 -0.7660444975 -0.6427881122 0 3024.dat
1 47 140.0001373 -422.6381226 -91.92868805 1 0 0 0 -0.7660441399 0.6427875161 0 -0.6427881122 -0.7660446763 3023.dat
1 47 180.0001984 -422.6381226 -91.92868805 1 0 0 0 -0.7660441399 0.6427875161 0 -0.6427881122 -0.7660446763 3023.dat
1 47 220.0002136 -422.6381226 -91.92868805 1 0 0 0 -0.7660441399 0.6427875161 0 -0.6427881122 -0.7660446763 3023.dat
1 71 200.0000916 -410.3817139 -81.6442337 -1 0 0 0 -0.7660441399 -0.6427875757 0 -0.642788291 0.7660446167 3460.dat
1 71 200.0000916 -404.2533264 -76.50188446 -1 0 0 0 -0.7660440803 -0.6427876949 0 -0.6427881718 0.7660444975 4162.dat
1 71 180.0005493 -390.7983398 -117.4281464 -1 0 0 0 -0.7660440803 -0.6427876353 0 -0.6427881718 0.7660445571 3460.dat
1 71 190.0003204 -372.7129822 -89.19837189 -3.258413699e-07 0 1 -0.6427876949 -0.7660441399 -2.094468243e-07 0.7660444975 -0.6427881122 2.496090019e-07 4275b.dat
1 71 170.0002594 -372.7128296 -89.19866943 3.258413699e-07 0 -1 0.6427878141 -0.7660442591 2.09446867e-07 -0.7660443783 -0.6427881718 -2.496089451e-07 4276b.dat
1 0 170.0002747 -317.2581177 -55.72059631 1 0 0 0 -0.7660442591 0.6427876353 0 -0.642787993 -0.7660445571 3070b.dat
1 71 -10.0002079 -372.7132263 -89.19880676 3.258413699e-07 0 -1 0.642787993 -0.766043961 2.094469238e-07 -0.7660442591 -0.6427883506 -2.496089166e-07 4276b.dat
1 71 39.99971771 -378.8413391 -94.34104156 1 0 0 0 -0.7660440207 0.6427878141 0 -0.6427882314 -0.7660444379 3007.dat
1 71 -30.00027847 -372.7129517 -89.19875336 -3.258413699e-07 0 1 -0.6427876949 -0.7660441995 -2.094468243e-07 0.7660444975 -0.6427882314 2.496090019e-07 4275b.dat
1 71 90.00016785 -372.7129211 -89.19886017 3.258413699e-07 0 -1 0.6427876949 -0.7660440207 2.094468243e-07 -0.7660444975 -0.6427882314 -2.496090019e-07 4276b.dat
1 71 69.99991608 -372.7129517 -89.19875336 -3.258413699e-07 0 1 -0.6427876353 -0.7660441995 -2.094468101e-07 0.7660445571 -0.6427882314 2.496090019e-07 4275b.dat
1 71 110.0001678 -372.7129211 -89.19869995 -3.258413699e-07 0 1 -0.6427876949 -0.7660440803 -2.094468243e-07 0.7660444975 -0.6427881718 2.496090019e-07 4275b.dat
1 71 49.99985886 -372.7128906 -89.19869995 -3.258413699e-07 0 1 -0.6427876353 -0.7660441399 -2.094468101e-07 0.7660445571 -0.6427881122 2.496090019e-07 4275b.dat
1 71 20.00001144 -410.0821533 -94.44703674 -1 0 0 0 -0.7660440207 -0.6427876949 0 -0.6427882314 0.7660444975 3034.dat
1 47 -40.00011826 -422.638092 -91.92858887 1 0 0 0 -0.7660441399 0.6427876949 0 -0.6427881122 -0.7660444975 3023.dat
1 47 -0.0001095235348 -422.638092 -91.92858887 1 0 0 0 -0.7660441399 0.6427876949 0 -0.6427881122 -0.7660444975 3023.dat
1 47 39.99994659 -422.638092 -91.92858887 1 0 0 0 -0.7660441399 0.6427876949 0 -0.6427881122 -0.7660444975 3023.dat
1 47 80.00000763 -422.638092 -91.92858887 1 0 0 0 -0.7660440803 0.6427876353 0 -0.6427881718 -0.7660445571 3023.dat
1 71 40.0000267 -410.3817139 -81.6442337 -1 0 0 0 -0.7660440803 -0.6427876949 0 -0.6427881718 0.7660444975 3460.dat
1 71 110.0000763 -404.2533264 -76.50192261 -1 0 0 0 -0.7660441399 -0.6427876353 0 -0.6427881122 0.7660445571 3070b.dat
1 71 20.00005913 -404.2533264 -76.50191498 -1 0 0 0 -0.7660440207 -0.6427878141 0 -0.6427882314 0.7660444379 4162.dat
1 71 -50.00026321 -410.3817139 -81.64427185 -1 0 0 0 -0.7660440803 -0.6427878141 0 -0.6427881718 0.7660444379 3024.dat
1 71 20.00060654 -390.7986755 -117.4283752 -1 0 0 0 -0.7660440803 -0.6427878141 0 -0.6427881718 0.7660444379 3460.dat
1 71 29.99996758 -372.7129517 -89.19886017 3.258413699e-07 0 -1 0.6427876949 -0.7660440207 2.094468243e-07 -0.7660444975 -0.6427882314 -2.496090019e-07 4276b.dat
1 71 9.999778748 -372.7131958 -89.1986618 -3.258413699e-07 0 1 -0.642787993 -0.7660440207 -2.094469238e-07 0.7660442591 -0.6427884102 2.496089166e-07 4275b.dat
1 71 150.0000305 -372.7128601 -89.19866943 -3.258413699e-07 0 1 -0.6427876949 -0.7660440803 -2.094468243e-07 0.7660444975 -0.6427881718 2.496090019e-07 4275b.dat
1 71 130.0001526 -372.7128906 -89.19882202 3.258413699e-07 0 -1 0.6427876949 -0.7660440207 2.094468243e-07 -0.7660444975 -0.6427882314 -2.496090019e-07 4276b.dat
1 0 120.0001678 -317.2580566 -55.72056198 1 0 0 0 -0.7660442591 0.6427876949 0 -0.642787993 -0.7660444975 2431.dat
1 0 -6.556510925e-05 -317.2582397 -55.72047806 1 0 0 0 -0.7660443187 0.6427876353 0 -0.6427878737 -0.7660445571 2431.dat
1 71 -49.99998093 -372.7127991 -89.1987381 3.258413699e-07 0 -1 0.6427878141 -0.7660441399 2.09446867e-07 -0.7660444379 -0.642788291 -2.496089735e-07 4276b.dat
1 0 -50.00007248 -317.2581787 -55.72055435 1 0 0 0 -0.7660443187 0.6427876949 0 -0.6427880526 -0.7660444975 3070b.dat
1 71 -49.99997711 -378.8413391 -94.34099579 0 0 1 -0.6427878141 -0.7660440803 0 0.7660445571 -0.6427883506 0 3700.dat
1 0 59.99440002 -317.2581787 -55.72049713 1 0 0 0 -0.7660441995 0.6427878141 0 -0.6427880526 -0.7660444379 3069b.dat
1 47 -50.00016785 -403.3548279 -114.9102783 0 0 -1 0.6427876949 -0.7660440207 0 -0.7660444975 -0.6427882314 0 3023.dat
1 47 -29.99954224 -403.3546448 -114.9101486 0 0 1 -0.6427876949 -0.7660440207 0 0.7660444975 -0.6427882314 0 3023.dat
1 47 -9.999537468 -403.3545837 -114.9100342 0 0 -1 0.6427876949 -0.7660440207 0 -0.7660444975 -0.6427882314 0 3023.dat
1 47 9.999918938 -403.3544922 -114.91008 0 0 1 -0.6427876949 -0.7660441399 0 0.7660444975 -0.6427881122 0 3023.dat
1 47 29.99994659 -403.3544617 -114.9099731 0 0 -1 0.6427876949 -0.7660441399 0 -0.7660444975 -0.6427881122 0 3023.dat
1 47 50 -403.3544922 -114.91008 0 0 1 -0.6427876949 -0.7660441399 0 0.7660444975 -0.6427881122 0 3023.dat
1 47 70.00000763 -403.3544617 -114.9099731 0 0 -1 0.6427876949 -0.7660441399 0 -0.7660444975 -0.6427881122 0 3023.dat
1 47 90.00003052 -403.3544922 -114.91008 0 0 1 -0.6427876949 -0.7660441399 0 0.7660444975 -0.6427881122 0 3023.dat
1 47 110.0000534 -403.3544617 -114.9099731 0 0 -1 0.6427876949 -0.7660441399 0 -0.7660444975 -0.6427881122 0 3023.dat
1 47 130.0001373 -403.3545532 -114.910141 0 0 1 -0.6427875161 -0.7660441399 0 0.7660446763 -0.6427881122 0 3023.dat
1 47 150.0001068 -403.3544922 -114.91008 0 0 -1 0.6427875161 -0.7660441399 0 -0.7660446763 -0.6427881122 0 3023.dat
1 47 170.0001984 -403.3545532 -114.910141 0 0 1 -0.6427875161 -0.7660441399 0 0.7660446763 -0.6427881122 0 3023.dat
1 47 190.0001678 -403.3544922 -114.91008 0 0 -1 0.6427875161 -0.7660441399 0 -0.7660446763 -0.6427881122 0 3023.dat
1 47 210.0002289 -403.3545532 -114.910141 0 0 1 -0.6427875161 -0.7660441399 0 0.7660446763 -0.6427881122 0 3023.dat
1 47 230.0002594 -403.3544922 -114.91008 0 0 -1 0.6427875161 -0.7660441399 0 -0.7660446763 -0.6427881122 0 3023.dat
1 47 250.0002899 -403.3544922 -114.9101486 0 0 1 -0.6427875757 -0.7660441399 0 0.7660446167 -0.6427881122 0 3023.dat
1 47 260.0002747 -422.6381226 -91.92868805 1 0 0 0 -0.7660441995 0.6427875757 0 -0.6427882314 -0.7660446167 3023.dat
1 0 59.99410629 -287.8522034 -75.86088562 1 0 0 0 -0.499999553 0.8660256267 0 -0.8660256863 -0.4999995828 3069b.dat
1 71 230.000473 -328.5124207 -126.287117 3.258413699e-07 0 -1 0.866025269 -0.4999998808 2.821868463e-07 -0.5000001788 -0.8660255075 -1.629207418e-07 4276b.dat
1 71 220.0005035 -324.5124512 -119.3588257 1 0 0 0 -0.499999851 0.8660252094 0 -0.8660255075 -0.5000002384 87079.dat
1 71 250.0003815 -328.5125122 -126.2870407 -3.258413699e-07 0 1 -0.866025269 -0.4999998808 -2.821868463e-07 0.5000001788 -0.8660255075 1.629207418e-07 4275b.dat
1 71 200.0002594 -332.5125732 -133.2152405 -1 0 0 0 -0.4999996424 -0.866025269 0 -0.8660256267 0.5000001788 3007.dat
1 71 180.0010223 -335.8520813 -158.9995728 -1 0 0 0 -0.4999997616 -0.8660253286 0 -0.8660255671 0.5000003576 3460.dat
1 71 270.0003357 -353.1726379 -148.9998322 0 0 1 -0.8660253286 -0.4999997616 0 0.5000003576 -0.8660255671 0 3623.dat
1 71 180.0003357 -361.8330078 -143.9998322 1 0 0 0 -0.4999998808 0.8660253286 0 -0.8660255075 -0.5000003576 3034.dat
1 71 210.0003662 -328.5125122 -126.2870331 -3.258413699e-07 0 1 -0.866025269 -0.4999998808 -2.821868463e-07 0.5000001788 -0.8660255075 1.629207418e-07 4275b.dat
1 71 270.0004883 -328.5124817 -126.2870636 3.258413699e-07 0 -1 0.866025269 -0.499999851 2.821868463e-07 -0.5000001788 -0.8660255075 -1.629207418e-07 4276b.dat
1 71 270.0003662 -324.5173645 -119.3560104 0 0 -1 0.866025269 -0.4999998808 0 -0.5000001788 -0.8660255075 0 3069b.dat
1 71 190.0005035 -328.5124207 -126.287117 3.258413699e-07 0 -1 0.866025269 -0.4999998808 2.821868463e-07 -0.5000001788 -0.8660255075 -1.629207418e-07 4276b.dat
