0 FILE hcalside2.ldr

1  0  0 100 -140 1 0 0  0 -1.000  0.000 0 -0.000 -1.000 hcalmodule3.ldr  
1  0  0 100 -140 1 0 0  0 -0.940 -0.342 0  0.342 -0.940 hcalmodule42.ldr
1  0  0 100 -140 1 0 0  0 -0.766 -0.643 0  0.643 -0.766 hcalmodule3.ldr  
1  0  0 100 -140 1 0 0  0 -0.500 -0.866 0  0.866 -0.500 hcalmodule42.ldr
1  0  0 100 -140 1 0 0  0 -0.174 -0.985 0  0.985 -0.174 hcalmodule3.ldr  
1  0  0 100 -140 1 0 0  0  0.174 -0.985 0  0.985  0.174 hcalmodule42.ldr
1  0  0 100 -140 1 0 0  0  0.500 -0.866 0  0.866  0.500 hcalmodule3.ldr  
1  0  0 100 -140 1 0 0  0  0.766 -0.643 0  0.643  0.766 hcalmodule42.ldr
1  0  0 100 -140 1 0 0  0  0.940 -0.342 0  0.342  0.940 hcalmodule3.ldr  
1  0  0 100 -140 1 0 0  0  1.000 -0.000 0  0.000  1.000 hcalmodule41.ldr
1  0  0 100 -140 1 0 0  0  0.940  0.342 0 -0.342  0.940 hcalmodule3.ldr  
1  0  0 100 -140 1 0 0  0  0.766  0.643 0 -0.643  0.766 hcalmodule42.ldr
1  0  0 100 -140 1 0 0  0  0.500  0.866 0 -0.866  0.500 hcalmodule3.ldr  
1  0  0 100 -140 1 0 0  0  0.174  0.985 0 -0.985  0.174 hcalmodule42.ldr
1  0  0 100 -140 1 0 0  0 -0.174  0.985 0 -0.985 -0.174 hcalmodule3.ldr  
1  0  0 100 -140 1 0 0  0 -0.500  0.866 0 -0.866 -0.500 hcalmodule42.ldr
1  0  0 100 -140 1 0 0  0 -0.766  0.643 0 -0.643 -0.766 hcalmodule3.ldr  
1  0  0 100 -140 1 0 0  0 -0.940  0.342 0 -0.342 -0.940 hcalmodule42.ldr
