0 FILE Muon_Ring2_Sector2_10.lxf
1 71 -2.80380249 -122.8387833 131.7156372 -0.9994800687 -0.03224256262 0 -0.03224284202 0.9994800687 0 0 0 -1 3795.dat
1 71 47.42819595 -129.2222443 91.7155838 0 -0.03224241361 -0.9994801879 0 0.9994800687 -0.03224294633 1 0 0 6636.dat
1 71 -2.803799629 -122.8385696 51.71539688 -0.9994801879 -0.03224241361 0 -0.03224294633 0.9994800687 0 0 0 -1 3795.dat
1 71 -52.51985931 -132.4465637 91.71538544 0 -0.03224241361 -0.9994801879 0 0.9994800687 -0.03224294633 1 0 0 6636.dat
1 71 -2.803760767 -122.8385544 91.71556091 -0.9994801879 -0.03224241361 0 -0.03224294633 0.9994800687 0 0 0 -1 3795.dat
1 71 27.43854141 -129.8673401 91.71563721 0 -0.03224256262 -0.9994800687 0 0.9994800687 -0.03224284202 1 0 0 6636.dat
1 71 7.448945045 -130.512207 91.71564484 0 -0.03224256262 -0.9994800687 0 0.9994800687 -0.03224284202 1 0 0 6636.dat
1 71 -12.54065609 -131.1570587 91.71564484 0 -0.03224256262 -0.9994800687 0 0.9994800687 -0.03224284202 1 0 0 6636.dat
1 71 -32.53025818 -131.8019104 91.71564484 0 -0.03224256262 -0.9994800687 0 0.9994800687 -0.03224284202 1 0 0 6636.dat
1 4 6.673794746 -106.5240631 131.7142944 0.9994800687 -0.03224218637 0 0.03224263713 0.9994800687 0 0 0 1 3795.dat
1 4 -53.55149078 -100.4633408 111.7155762 0 -0.03224219382 -0.9994800687 0 0.9994800687 -0.03224270046 1 0 0 3795.dat
1 4 -13.57229328 -99.1736145 111.7156067 0 -0.03224219754 -0.9994800687 0 0.9994800687 -0.03224270418 1 0 0 3795.dat
1 4 26.40699768 -97.88464355 111.7154846 0 -0.03224210814 -0.9994800687 0 0.9994800687 -0.0322426185 1 0 0 3795.dat
1 4 6.673807144 -106.5240631 91.71426392 0.9994800687 -0.03224219009 0 0.03224264085 0.9994800687 0 0 0 1 3795.dat
1 4 6.673711777 -106.5248108 51.71414566 0.9994800687 -0.03224218637 0 0.03224263713 0.9994800687 0 0 0 1 3795.dat
1 71 37.42773056 -129.5450745 161.7156372 0.9994800687 -0.03224256635 0 0.03224284202 0.9994800687 0 0 0 1 3069b.dat
1 71 -42.5306778 -132.1244965 161.7156372 0.9994800687 -0.03224256635 0 0.03224284202 0.9994800687 0 0 0 1 3069b.dat
1 71 -2.545897722 -130.83461 161.7156372 -0.9994800687 -0.03224256635 0 -0.03224284202 0.9994800687 0 0 0 -1 44728.dat
1 71 5.428982735 -70.54612732 184.3604889 -0.03224252164 0 -0.9994800091 0.9994800687 0 -0.03224279359 0 -1 0 6636.dat
1 71 -14.55022717 -71.19064331 183.7156372 -0.03224252164 0 -0.9994800091 0.9994800687 0 -0.03224279359 0 -1 0 6636.dat
1 2 -56.38911819 -12.50973225 161.7156982 0.9994800687 -0.03224206716 0 0.03224271163 0.9994800687 0 0 0 1 3710.dat
1 2 -6.415126324 -10.89759636 161.7157288 0.9994800687 -0.03224206716 0 0.03224271163 0.9994800687 0 0 0 1 3024.dat
1 2 43.55895996 -9.285496712 161.7158813 0.9994800687 -0.03224201128 0 0.03224265948 0.9994800687 0 0 0 1 3710.dat
1 2 -16.40978432 -11.21989155 91.71557617 0.9994800091 -0.03224201873 0 0.03224260733 0.9994799495 0 0 0 1 3036.dat
1 2 73.54383087 -8.318730354 91.71568298 0 -0.03224204108 0.9994800091 0 0.9994800687 0.03224265948 -1 0 0 3666.dat
1 16 74.05967712 -24.31011963 121.7157516 1 0 0 0 1 0 0 0 1 Muon_Ring2_Sector2_10.lxf_0

0 FILE Muon_Ring2_Sector2_10.lxf_0
1 4 -9.73686409 -8.318267822 0 -0.9994800687 -0.03224209324 0 -0.03224273771 0.9994800687 0 0 0 -1 3794b.dat
1 71 -69.96379089 -2.256704807 -30.00012589 0.9994800687 -0.03224206716 0 0.03224267438 0.9994800687 0 0 0 1 3036.dat
1 4 -9.736816406 -8.318170547 -40.00006866 -0.9994800687 -0.03224206716 0 -0.03224274516 0.9994800687 0 0 0 -1 3794b.dat
1 4 -9.736810684 -8.317983627 -19.99999237 -0.9994800687 -0.03224206716 0 -0.03224271163 0.9994800687 0 0 0 -1 3794b.dat
1 4 -9.736852646 -8.318169594 -80.00022125 -0.9994800687 -0.03224207088 0 -0.03224274889 0.9994800687 0 0 0 -1 3794b.dat
1 4 -9.736750603 -8.317980766 -60.00024033 -0.9994800687 -0.03224206716 0 -0.03224267811 0.9994800687 0 0 0 -1 3794b.dat
1 4 -9.736941338 -8.318080902 19.99995804 -0.9994800687 -0.03224206716 0 -0.03224271163 0.9994800687 0 0 0 -1 3794b.dat
1 4 -49.71607208 -9.607824326 -80.00022125 -0.9994800687 -0.03224206716 0 -0.03224274516 0.9994800687 0 0 0 -1 3794b.dat
1 4 -49.71596527 -9.607636452 -60.00024033 -0.9994800687 -0.03224202991 0 -0.03224267066 0.9994800687 0 0 0 -1 3794b.dat
1 4 -49.71607208 -9.607827187 -40.00006866 -0.9994800687 -0.03224206716 0 -0.03224270791 0.9994800687 0 0 0 -1 3794b.dat
1 4 -49.71615601 -9.607636452 -19.99999237 -0.9994800687 -0.03224206716 0 -0.03224267811 0.9994800687 0 0 0 -1 3794b.dat
1 4 -49.71613312 -9.608017921 -1.192092896e-05 -0.9994800687 -0.03224206716 0 -0.03224271163 0.9994800687 0 0 0 -1 3794b.dat
1 4 -49.71611404 -9.60773468 19.99996948 -0.9994800687 -0.03224206716 0 -0.03224271163 0.9994800687 0 0 0 -1 3794b.dat
1 71 -50.23239136 6.384029388 -30.00007629 0 -0.03224206716 0.9994800687 0 0.9994800687 0.03224271163 -1 0 0 3022.dat
1 71 -50.23236847 6.383929253 20.00014114 0 -0.03224201128 0.9994800687 0 0.9994800687 0.03224265948 -1 0 0 3021.dat
1 71 -60.22719193 6.061680794 -70.00022125 0.9994800687 -0.03224206716 0 0.03224271163 0.9994800687 0 0 0 1 3021.dat
1 4 -49.71612167 -9.607743263 40.00023651 -0.9994800687 -0.03224208951 0 -0.03224270046 0.9994800687 0 0 0 -1 3794b.dat
1 71 -69.96405029 -2.256761551 40.00015259 -0.9994800687 -0.03224204108 0 -0.03224272281 0.9994800687 0 0 0 -1 3460.dat
1 4 -9.736859322 -8.318083763 40.00023651 -0.9994800687 -0.03224202618 0 -0.03224267811 0.9994800687 0 0 0 -1 3794b.dat
1 71 -80.21681213 5.41682148 -19.99990463 0 -0.03224206716 0.9994800687 0 0.9994800687 0.03224271163 -1 0 0 3623.dat
1 4 -79.70080566 -10.57486343 -70.00575256 0 -0.03224206716 -0.9994800687 0 0.9994800687 -0.03224271163 1 0 0 3069b.dat
1 4 -79.70045471 -10.57486343 -39.99992752 0 -0.03224206343 0.9994800687 0 0.9994800687 0.03224267438 -1 0 0 3070b.dat
1 4 -79.70045471 -10.57496452 10.00004387 0 -0.03224206716 0.9994800687 0 0.9994800687 0.03224263713 -1 0 0 2431.dat
1 71 -100.2064362 4.771829605 29.99995613 0.9994800687 -0.03224206716 0 0.03224271163 0.9994800687 0 0 0 1 3021.dat
1 71 -110.2012863 4.449501514 -60.00006866 0 -0.03224206716 0.9994800687 0 0.9994800687 0.03224271163 -1 0 0 3021.dat
1 71 -110.2013321 4.449498653 -10 0 -0.03224206716 0.9994800687 0 0.9994800687 0.03224267811 -1 0 0 3022.dat
1 4 -109.6849442 -11.54234028 -80.00022125 -0.9994800687 -0.03224205226 0 -0.03224269301 0.9994800687 0 0 0 -1 3794b.dat
1 4 -109.6848755 -11.54216385 -60.00024033 -0.9994800687 -0.03224206716 0 -0.03224263713 0.9994800687 0 0 0 -1 3794b.dat
1 4 -109.6849594 -11.54235554 -40.00016403 -0.9994800687 -0.03224206716 0 -0.03224270791 0.9994800687 0 0 0 -1 3794b.dat
1 4 -109.6849823 -11.54226017 -19.99999237 -0.9994800687 -0.03224206716 0 -0.03224267811 0.9994800687 0 0 0 -1 3794b.dat
1 4 -109.6850052 -11.54254913 -1.192092896e-05 -0.9994800687 -0.03224206716 0 -0.03224271163 0.9994800687 0 0 0 -1 3794b.dat
1 4 -109.6850281 -11.54236126 19.99996948 -0.9994800687 -0.03224206716 0 -0.03224271163 0.9994800687 0 0 0 -1 3794b.dat
1 4 -109.6849594 -11.5422678 40.00023651 -0.9994800687 -0.03224206716 0 -0.03224263713 0.9994800687 0 0 0 -1 3794b.dat
1 4 -79.44264221 -18.57086754 40.00023651 0.9994800687 -0.03224208206 0 0.03224268928 0.9994800687 0 0 0 1 3460.dat
1 4 -79.44264221 -18.57096863 20.00017166 0.9994800687 -0.03224207833 0 0.03224268556 0.9994800687 0 0 0 1 3460.dat
1 71 -129.1586761 -28.17896843 20.00001144 0 -0.03224214911 -0.9994800687 0 0.9994800687 -0.03224273026 1 0 0 3623.dat
1 71 -78.92672729 -34.56267166 -9.999954224 -0.9994800687 -0.03224209696 0 -0.03224268556 0.9994801879 0 0 0 -1 3036.dat
1 71 -149.1482239 -28.82380104 10.00003242 0 -0.03224214539 -0.9994800687 0 0.9994800687 -0.03224272653 1 0 0 3710.dat
1 71 -109.1690292 -27.5340519 10.00005627 0 -0.03224214911 -0.9994800687 0 0.9994800687 -0.03224273026 1 0 0 3710.dat
1 71 -89.17943573 -26.88921738 20.00003624 0 -0.03224214911 -0.9994800687 0 0.9994800687 -0.03224273026 1 0 0 3623.dat
1 71 -129.1585999 -28.17907715 -50.00017166 0 -0.03224216029 -0.9994800687 0 0.9994800687 -0.03224274516 1 0 0 3710.dat
1 71 -89.17938995 -26.88939667 -50.00019836 0 -0.03224217147 -0.9994800687 0 0.9994800687 -0.03224275634 1 0 0 3710.dat
1 71 -149.1482086 -28.82390976 -60.00017548 0 -0.03224216029 -0.9994800687 0 0.9994800687 -0.03224274516 1 0 0 3623.dat
1 71 -109.1690445 -27.53424263 -60.00019836 0 -0.03224217519 -0.9994800687 0 0.9994800687 -0.03224276006 1 0 0 3623.dat
1 4 -78.66883087 -42.55852509 40.00003433 0.9994800687 -0.03224210441 0 0.03224269301 0.9994801879 0 0 0 1 3460.dat
1 71 -69.18982697 -26.24437714 10.00003242 0 -0.03224208578 -0.9994800687 0 0.9994800687 -0.03224268556 1 0 0 3710.dat
1 4 -78.66873169 -42.55851746 -29.99995995 -0.9994800687 -0.03224213421 0 -0.03224272281 0.9994800687 0 0 0 -1 3036.dat
1 71 -78.92670441 -34.56267929 -80.00032043 0.9994800687 -0.03224218264 0 0.03224276751 0.9994800687 0 0 0 1 3460.dat
1 71 -69.18984985 -26.24457169 -60.000103 0 -0.03224211559 -0.9994800687 0 0.9994800687 -0.03224270791 1 0 0 3623.dat
1 71 -138.1217499 -60.48474884 39.9999733 0.9994800687 -0.03224211186 0 0.03224270418 0.9994800687 0 0 0 1 3794b.dat
1 4 -78.4108963 -50.55438232 -10.00007439 0.9994800687 -0.03224210441 0 0.03224269673 0.9994800687 0 0 0 1 3036.dat
1 71 -138.1218719 -60.48457718 19.99999237 0.9994800687 -0.03224219009 0 0.03224268556 0.9994800687 0 0 0 1 3794b.dat
1 71 -98.14266205 -59.19423676 39.99998474 0.9994800687 -0.03224219009 0 0.03224270046 0.9994800687 0 0 0 1 3794b.dat
1 71 -98.14266968 -59.19405365 19.99996948 0.9994800687 -0.03224219009 0 0.03224268556 0.9994800687 0 0 0 1 3794b.dat
1 71 -138.1218719 -60.48457718 -3.576278687e-05 0.9994800687 -0.03224219009 0 0.03224268556 0.9994800687 0 0 0 1 3794b.dat
1 71 -138.1218262 -60.48452377 -20.00011253 0.9994800687 -0.03224219754 0 0.03224272281 0.9994800687 0 0 0 1 3794b.dat
1 71 -98.14266205 -59.19404602 -1.192092896e-05 0.9994800687 -0.03224219009 0 0.03224268556 0.9994800687 0 0 0 1 3794b.dat
1 71 -98.14263916 -59.19399261 -20.00011253 0.9994800687 -0.03224220127 0 0.03224269673 0.9994800687 0 0 0 1 3794b.dat
1 71 -138.1218872 -60.48452759 -40.00011063 0.9994800687 -0.03224220127 0 0.03224269673 0.9994800687 0 0 0 1 3794b.dat
1 71 -138.1219177 -60.48452759 -60.00021744 0.9994800687 -0.03224220127 0 0.03224269673 0.9994800687 0 0 0 1 3794b.dat
1 71 -98.14263916 -59.19408798 -40.00011063 0.9994800687 -0.03224220499 0 0.03224270046 0.9994800687 0 0 0 1 3794b.dat
1 71 -98.14269257 -59.19408798 -60.00019455 0.9994800687 -0.03224220499 0 0.03224273399 0.9994800687 0 0 0 1 3794b.dat
1 71 -138.1220093 -60.48453522 -80.00032043 0.9994800687 -0.03224213049 0 0.03224274144 0.9994800687 0 0 0 1 3794b.dat
1 4 -78.41081238 -50.55426407 -79.99998474 -0.9994800687 -0.0322419852 0 -0.0322425589 0.9994800687 0 0 0 -1 3460.dat
1 71 -98.14274597 -59.19409943 -80.00034332 0.9994800687 -0.03224211931 0 0.03224267438 0.9994800687 0 0 0 1 3794b.dat
1 71 -49.20025635 -25.59955215 20.00001144 0 -0.03224208951 -0.9994800687 0 0.9994800687 -0.03224268928 1 0 0 3623.dat
1 71 -49.20020294 -25.59972382 -50.00017166 0 -0.03224211559 -0.9994800687 0 0.9994800687 -0.03224270791 1 0 0 3710.dat
1 71 -58.16340637 -57.90455246 39.99998474 0.9994800687 -0.03224210441 0 0.03224272281 0.9994800687 0 0 0 1 3794b.dat
1 71 -58.16348267 -57.9043808 19.99996948 0.9994800687 -0.03224210814 0 0.03224270046 0.9994800687 0 0 0 1 3794b.dat
1 71 -58.1634407 -57.90437317 -3.576278687e-05 0.9994800687 -0.03224210814 0 0.03224270046 0.9994800687 0 0 0 1 3794b.dat
1 71 -58.16347122 -57.90432739 -20.00011253 0.9994800687 -0.03224212676 0 0.03224271163 0.9994800687 0 0 0 1 3794b.dat
1 71 -58.16342926 -57.90431976 -40.00020599 0.9994800687 -0.03224212676 0 0.03224271163 0.9994800687 0 0 0 1 3794b.dat
1 71 -58.1634407 -57.90441513 -60.00019455 0.9994800687 -0.03224212676 0 0.03224271163 0.9994800687 0 0 0 1 3794b.dat
1 71 -58.16352844 -57.90433121 -80.00034332 0.9994800687 -0.03224213049 0 0.03224271908 0.9994800687 0 0 0 1 3794b.dat
1 71 -29.21062469 -24.95469475 10.00003242 0 -0.03224209696 -0.9994800687 0 0.9994800687 -0.03224269673 1 0 0 3710.dat
1 71 -29.21065712 -24.95480728 -60.00019836 0 -0.03224211559 -0.9994800687 0 0.9994800687 -0.03224270791 1 0 0 3623.dat
1 71 -9.221043587 -24.30982018 20.00010681 0 -0.03224208578 -0.9994800687 0 0.9994800687 -0.03224268556 1 0 0 3623.dat
1 71 -9.221014023 -24.30997276 -50.00019836 0 -0.03224211559 -0.9994800687 0 0.9994800687 -0.03224270791 1 0 0 3710.dat
1 71 -18.18412209 -56.61565018 40.00003433 0.9994800687 -0.03224210814 0 0.03224270046 0.9994800687 0 0 0 1 3794b.dat
1 71 -18.18410492 -56.61545944 19.99987411 0.9994800687 -0.03224210814 0 0.03224270046 0.9994800687 0 0 0 1 3794b.dat
1 71 -18.18410492 -56.61546707 -0.0001072883606 0.9994800687 -0.03224211186 0 0.03224270046 0.9994800687 0 0 0 1 3794b.dat
1 71 -18.18409348 -56.61541367 -20.0002079 0.9994800687 -0.03224212676 0 0.03224271163 0.9994800687 0 0 0 1 3794b.dat
1 71 -18.18414879 -56.61550903 -40.00028992 0.9994800687 -0.03224212676 0 0.03224271163 0.9994800687 0 0 0 1 3794b.dat
1 71 -18.18414879 -56.61551285 -60.00031281 0.9994800687 -0.03224212676 0 0.03224273026 0.9994800687 0 0 0 1 3794b.dat
1 71 -18.18408966 -56.61552048 -80.00028992 0.9994800687 -0.03224212676 0 0.03224271163 0.9994800687 0 0 0 1 3794b.dat
1 4 -79.44264221 -18.57087326 -80.00007629 0.9994800687 -0.03224207833 0 0.03224268556 0.9994800687 0 0 0 1 3460.dat
1 4 -79.44268799 -18.57086945 -40.00004578 0.9994800687 -0.03224207833 0 0.03224268556 0.9994800687 0 0 0 1 3460.dat
1 4 -79.44268799 -18.57086945 -60.00001526 0.9994800687 -0.03224207833 0 0.03224268556 0.9994800687 0 0 0 1 3460.dat
1 4 -79.44264221 -18.57096863 9.536743164e-05 0.9994800687 -0.03224207833 0 0.03224268556 0.9994800687 0 0 0 1 3460.dat
1 4 -79.44268799 -18.57086945 -19.99995804 0.9994800687 -0.03224207833 0 0.03224268556 0.9994800687 0 0 0 1 3460.dat
1 71 -107.8795319 -67.51250458 29.99999809 -0.9994800687 -0.03224219009 0 -0.03224269673 0.9994800687 0 0 0 -1 3020.dat
1 71 -150.1800995 3.159551382 -19.9999485 -0.9994800687 -0.03224212304 -3.256719481e-07 -0.03224258497 0.9994800687 -1.050596765e-08 3.258413699e-07 0 -1 4275b.dat
1 71 -117.8743973 -67.83501434 -10.00006008 -0.9994800687 -0.03224211931 0 -0.03224271908 0.9994800687 0 0 0 -1 3021.dat
1 71 -107.8796158 -67.51251221 -50.0001297 -0.9994800687 -0.03224213049 0 -0.03224262223 0.9994800687 0 0 0 -1 3020.dat
1 4 -137.3496704 -84.47148895 -30.00169945 0 -0.03224219382 -0.9994800687 0 0.9994800687 -0.03224265575 1 0 0 3666.dat
1 4 -137.3495636 -84.4716568 39.99850845 0 -0.03224219009 -0.9994800687 0 0.9994800687 -0.03224264085 1 0 0 3024.dat
1 71 -127.0953445 -92.14489746 39.99996185 0.9994800687 -0.03224219754 0 0.03224270791 0.9994800687 0 0 0 1 3794b.dat
1 4 -67.38446045 -82.21448517 39.99998474 -0.9994800687 -0.03224220499 0 -0.03224271163 0.9994800687 0 0 0 -1 3666.dat
1 71 -150.1803436 3.159640074 0.0001040299467 -0.9994800687 -0.03224212304 -3.256719481e-07 -0.03224269301 0.9994800687 -1.050600318e-08 3.258413699e-07 0 -1 4275b.dat
1 4 -87.63212585 -74.86351013 -80.00019836 0.9994800687 -0.03224212676 0 0.03224268928 0.9994800687 0 0 0 1 3666.dat
1 71 -117.874527 -67.8350296 -80.00019836 -0.9994800687 -0.03224211186 0 -0.0322426632 0.9994800687 0 0 0 -1 3623.dat
1 71 -97.1111145 -91.17634583 -40.00022507 0 -0.0322422497 -0.9994800687 0 0.9994800687 -0.03224278986 1 0 0 3070b.dat
1 71 -97.11076355 -91.17649841 -9.994468689 0 -0.03224226087 0.9994800687 0 0.9994800687 0.03224276006 -1 0 0 3069b.dat
1 71 -97.11095428 -91.17747498 -69.99477386 0 -0.03224224597 0.9994800687 0 0.9994800687 0.03224271163 -1 0 0 3069b.dat
1 71 -67.12516785 -90.21018982 40.0014534 0.9994800687 -0.03224225715 0 0.03224276379 0.9994800687 0 0 0 1 3794b.dat
1 71 -67.12649536 -90.20961761 19.99987411 0.9994800687 -0.03224225715 0 0.03224271163 0.9994800687 0 0 0 1 3794b.dat
1 71 -67.12647247 -90.20962524 -0.000274181366 0.9994800687 -0.03224226087 0 0.03224276379 0.9994800687 0 0 0 1 3794b.dat
1 71 -67.12644958 -90.20962524 -20.00024414 0.9994800687 -0.03224224597 0 0.03224271163 0.9994800687 0 0 0 1 3794b.dat
1 71 -67.12641144 -90.20962524 -40.00022507 0.9994800687 -0.0322422497 0 0.03224278986 0.9994800687 0 0 0 1 3794b.dat
1 71 -67.12641144 -90.20962524 -60.00030136 0.9994800687 -0.03224224225 0 0.03224270791 0.9994800687 0 0 0 1 3794b.dat
1 71 -67.12645721 -90.21022797 -80.00024414 -0.9994800687 -0.03224224597 0 -0.03224271163 0.9994800687 0 0 0 -1 3794b.dat
1 71 -47.91054916 -65.57866669 -10.00015545 -0.9994800687 -0.03224209324 0 -0.0322426036 0.9994800687 0 0 0 -1 3020.dat
1 71 -47.9106102 -65.57876587 -80.00026703 -0.9994800687 -0.03224208206 0 -0.03224262595 0.9994800687 0 0 0 -1 3710.dat
1 71 -37.91583633 -65.2562561 29.99989128 -0.9994800687 -0.03224209696 0 -0.03224260733 0.9994800687 0 0 0 -1 3021.dat
1 71 -37.91597366 -65.25634766 -50.00032043 -0.9994800687 -0.03224209696 0 -0.03224261478 0.9994800687 0 0 0 -1 3021.dat
1 71 -27.14590454 -88.9205246 40.00149918 0.9994800687 -0.03224226087 0 0.03224277124 0.9994800687 0 0 0 1 3794b.dat
1 71 -27.14738274 -88.92053223 19.999897 0.9994800687 -0.03224225715 0 0.03224274889 0.9994800687 0 0 0 1 3794b.dat
1 71 -27.14739418 -88.9205246 -0.000262260437 0.9994800687 -0.03224225715 0 0.03224276006 0.9994800687 0 0 0 1 3794b.dat
1 71 -27.14732361 -88.9205246 -20.00024414 0.9994800687 -0.0322422497 0 0.03224271536 0.9994800687 0 0 0 1 3794b.dat
1 4 -17.66679573 -72.60642242 -9.998488426 0 -0.03224210441 0.9994800687 0 0.9994800687 0.03224265948 -1 0 0 3666.dat
1 71 -27.14738274 -88.9205246 -40.00022507 0.9994800687 -0.03224225342 0 0.03224279359 0.9994800687 0 0 0 1 3794b.dat
1 71 -27.14730263 -88.92053223 -60.00028992 0.9994800687 -0.03224224597 0 0.03224274889 0.9994800687 0 0 0 1 3794b.dat
1 71 -27.14722824 -88.92053223 -80.00024414 0.9994800687 -0.0322422497 0 0.03224275261 0.9994800687 0 0 0 1 3794b.dat
1 4 -17.66671181 -72.60650635 -79.9986496 0 -0.03224210069 0.9994800687 0 0.9994800687 0.03224263713 -1 0 0 3024.dat
1 71 -127.0951996 -92.14472961 -40.00016403 0.9994800687 -0.03224240988 0 0.03224300221 0.9994800687 0 0 0 1 3794b.dat
1 71 -127.0954361 -92.1447525 -80.0003891 0.9994800687 -0.03224240988 0 0.03224293888 0.9994800687 0 0 0 1 3794b.dat
1 71 -127.0952377 -92.14472961 19.99977875 0.9994800687 -0.03224240988 0 0.03224300221 0.9994800687 0 0 0 1 3794b.dat
1 71 -127.0951996 -92.14471436 -0.0002026557922 0.9994800687 -0.03224240988 0 0.03224300221 0.9994800687 0 0 0 1 3794b.dat
1 71 -127.0952606 -92.14473724 -60.00031281 0.9994800687 -0.03224240988 0 0.03224300221 0.9994800687 0 0 0 1 3794b.dat
1 71 -127.0951996 -92.14472961 -20.00017166 0.9994800687 -0.03224240988 0 0.03224300221 0.9994800687 0 0 0 1 3794b.dat
1 71 -97.11083984 -91.17749023 30.00548172 0 -0.03224240988 0.9994800687 0 0.9994800687 0.03224300221 -1 0 0 3069b.dat
1 71 -10.25284386 7.673416138 -20.00006104 0.9994800091 -0.03224204108 3.256719481e-07 0.03224265948 0.9994800687 1.050599252e-08 -3.258413699e-07 0 1 4276b.dat
1 71 -10.25294399 7.673693657 19.99987602 0.9994800091 -0.03224207088 3.256719481e-07 0.03224265948 0.9994800091 1.050599252e-08 -3.258413699e-07 0 1 4276b.dat
1 71 -150.1803589 3.159735441 19.99995422 -0.9994800687 -0.03224212304 -3.256719481e-07 -0.03224269301 0.9994800687 -1.050600318e-08 3.258413699e-07 0 -1 4275b.dat
1 71 -10.25273609 7.673131466 -80.00007629 0.9994800091 -0.03224204108 3.256719481e-07 0.03224265948 0.9994800687 1.050599252e-08 -3.258413699e-07 0 1 4276b.dat
1 71 -10.25283146 7.673408985 -60.00019836 0.9994800091 -0.03224204108 3.256719481e-07 0.03224265948 0.9994800687 1.050599252e-08 -3.258413699e-07 0 1 4276b.dat
1 71 -10.25284386 7.673414707 -40.00012589 0.9994800091 -0.03224204108 3.256719481e-07 0.03224265948 0.9994800687 1.050599252e-08 -3.258413699e-07 0 1 4276b.dat
1 71 -10.25311756 7.673797607 -0.0001874764566 0.9994800091 -0.03224201873 3.256719481e-07 0.03224260733 0.9994799495 1.050597565e-08 -3.258413699e-07 0 1 4276b.dat
1 71 -10.25278378 7.673489094 40.00004959 0.9994799495 -0.03224204108 3.256719197e-07 0.03224268928 0.9994800687 1.050600229e-08 -3.258413699e-07 0 1 4276b.dat
1 71 -76.86351776 -98.52864838 39.99988937 0.9994800687 -0.03224256635 0 0.03224284202 0.9994800687 0 0 0 1 3666.dat
1 71 -150.1800842 3.159551382 -60.00001907 -0.9994800687 -0.03224212304 -3.256719481e-07 -0.03224258497 0.9994800687 -1.050596765e-08 3.258413699e-07 0 -1 4275b.dat
1 71 -150.1800995 3.159551382 -39.99992752 -0.9994800687 -0.03224212304 -3.256719481e-07 -0.03224258497 0.9994800687 -1.050596765e-08 3.258413699e-07 0 -1 4275b.dat
1 4 -149.6641693 -12.83218002 -80.00007629 -0.9994800687 -0.03224206343 0 -0.03224277124 0.9994800687 0 0 0 -1 3794b.dat
1 71 -159.9169159 -5.158733368 -80.00005341 0 -0.03224216029 0.9994800687 0 0.9994800687 0.03224281594 -1 0 0 3024.dat
1 71 -150.1798706 3.159361362 -79.99999237 -0.9994800687 -0.03224221244 -3.256719481e-07 -0.03224270418 0.9994800687 -1.050600673e-08 3.258413699e-07 0 -1 4275b.dat
1 4 -149.6643829 -12.83202171 -60.00011063 -0.9994800687 -0.03224211931 0 -0.03224279732 0.9994800687 0 0 0 -1 3794b.dat
1 4 -149.6643829 -12.83221245 -39.99991608 -0.9994800687 -0.03224211931 0 -0.03224273026 0.9994800687 0 0 0 -1 3794b.dat
1 4 -149.6643829 -12.83202171 -20.00001717 -0.9994800687 -0.03224211931 0 -0.03224279732 0.9994800687 0 0 0 -1 3794b.dat
1 4 -149.6643829 -12.83221245 0.0001311302185 -0.9994800687 -0.03224211931 0 -0.03224273026 0.9994800687 0 0 0 -1 3794b.dat
1 4 -149.6642761 -12.83202457 20.00000381 -0.9994800687 -0.03224211931 0 -0.03224279732 0.9994800687 0 0 0 -1 3794b.dat
1 4 -149.6644135 -12.83202744 40.00008011 -0.9994800687 -0.03224211931 0 -0.03224268928 0.9994800687 0 0 0 -1 3794b.dat
1 71 -159.9172058 -5.158584595 -10.0000267 0 -0.03224211931 0.9994800687 0 0.9994800687 0.03224268928 -1 0 0 3666.dat
1 71 -150.1800995 3.159549713 40.00004196 -0.9994800687 -0.03224214911 -3.256719481e-07 -0.03224258497 0.9994800687 -1.050596765e-08 3.258413699e-07 0 -1 4275b.dat


