0 FILE Muon_Ring1_Sector0.lxf
1 2 83.55896759 -0.0001445412636 -98.28412628 0.9994800687 -0.032242015 0 0.03224265948 0.9994801879 0 0 0 1 3710.dat
1 2 23.5902195 -1.934539199 -168.2844391 0.9994800687 -0.03224202618 0 0.03224260733 0.9994801879 0 0 0 1 3036.dat
1 2 -16.38912582 -3.224378824 -98.28431702 0.9994800687 -0.03224207088 0 0.03224271163 0.9994801879 0 0 0 1 3710.dat
1 2 33.5848732 -1.612243056 -98.28429413 0.9994800687 -0.03224207088 0 0.03224271163 0.9994801879 0 0 0 1 3024.dat
1 4 -13.55149555 -91.17797852 -148.2844391 0 -0.03224219754 -0.9994800687 0 0.9994801879 -0.03224270046 1 0 0 3795.dat
1 4 26.42770958 -89.88825226 -148.2844086 0 -0.03224220127 -0.9994800687 0 0.9994801879 -0.03224270418 1 0 0 3795.dat
1 4 46.67379761 -97.2387085 -128.2857208 0.9994800687 -0.03224219009 0 0.03224263713 0.9994801879 0 0 0 1 3795.dat
1 4 66.40699768 -88.59928131 -148.2845306 0 -0.03224211186 -0.9994800687 0 0.9994801879 -0.0322426185 1 0 0 3795.dat
1 4 46.67380905 -97.23870087 -168.2857513 0.9994800687 -0.03224219382 0 0.03224264085 0.9994801879 0 0 0 1 3795.dat
1 4 46.67370987 -97.23945618 -208.2858734 0.9994800687 -0.03224219009 0 0.03224263713 0.9994801879 0 0 0 1 3795.dat
1 71 57.44371414 -120.9043884 -98.28435516 0.9994800687 -0.03224256635 0 0.03224284202 0.9994800687 0 0 0 1 3794b.dat
1 71 17.46450424 -122.1940994 -98.28436279 0.9994800687 -0.03224256635 0 0.03224284202 0.9994800687 0 0 0 1 3794b.dat
1 71 -12.51990032 -123.1613998 -98.28437805 0.9994800687 -0.03224256635 0 0.03224284202 0.9994800687 0 0 0 1 3070b.dat
1 71 87.42810822 -119.9371109 -98.28437805 0.9994800687 -0.03224256635 0 0.03224284202 0.9994800687 0 0 0 1 3070b.dat
1 71 37.19619751 -113.5534286 -128.2843781 -0.9994800687 -0.03224256262 0 -0.03224284202 0.9994800687 0 0 0 -1 3795.dat
1 71 57.44373703 -120.9044113 -138.2843475 0.9994800687 -0.03224256262 0 0.03224284202 0.9994800687 0 0 0 1 3794b.dat
1 71 17.4645443 -122.1941223 -138.2843475 0.9994800687 -0.03224256262 0 0.03224284202 0.9994800687 0 0 0 1 3794b.dat
1 71 57.44373703 -120.9044113 -118.2843552 0.9994800687 -0.03224256262 0 0.03224284202 0.9994800687 0 0 0 1 3794b.dat
1 71 17.4645443 -122.1941223 -118.2843552 0.9994800687 -0.03224256262 0 0.03224284202 0.9994800687 0 0 0 1 3794b.dat
1 71 87.42819214 -119.936882 -168.2844391 0 -0.03224241361 -0.9994800687 0 0.9994800687 -0.0322429426 1 0 0 6636.dat
1 71 37.1962471 -113.5531998 -168.2844543 -0.9994800687 -0.03224241361 0 -0.0322429426 0.9994800687 0 0 0 -1 3795.dat
1 71 57.44377899 -120.9041748 -178.2844238 0.9994800687 -0.03224241361 0 0.0322429426 0.9994800687 0 0 0 1 3794b.dat
1 71 17.46457291 -122.1938934 -178.2844238 0.9994800687 -0.03224241361 0 0.0322429426 0.9994800687 0 0 0 1 3794b.dat
1 71 57.44377899 -120.9041748 -158.2844391 0.9994800687 -0.03224241361 0 0.0322429426 0.9994800687 0 0 0 1 3794b.dat
1 71 17.46457291 -122.1938934 -158.2844391 0.9994800687 -0.03224241361 0 0.0322429426 0.9994800687 0 0 0 1 3794b.dat
1 71 37.19621658 -113.553215 -208.2846222 -0.9994800687 -0.03224241361 0 -0.0322429426 0.9994800687 0 0 0 -1 3795.dat
1 71 57.44374847 -120.9041824 -218.2846069 0.9994800687 -0.03224241361 0 0.0322429426 0.9994800687 0 0 0 1 3794b.dat
1 71 17.46454811 -122.1938934 -218.2846069 0.9994800687 -0.03224241361 0 0.0322429426 0.9994800687 0 0 0 1 3794b.dat
1 71 57.44374847 -120.9041824 -198.2846069 0.9994800687 -0.03224241361 0 0.0322429426 0.9994800687 0 0 0 1 3794b.dat
1 71 17.46454811 -122.1938934 -198.2846069 0.9994800687 -0.03224241361 0 0.0322429426 0.9994800687 0 0 0 1 3794b.dat
1 71 -12.51985836 -123.1612091 -168.2846375 0 -0.03224241361 -0.9994800687 0 0.9994800687 -0.0322429426 1 0 0 6636.dat
1 2 113.5438232 0.966627121 -168.2843323 0 -0.03224204481 0.9994800687 0 0.9994801879 0.03224265948 -1 0 0 3666.dat
1 47 37.71205139 -129.5450897 -98.28435516 0.9994800687 -0.03224256635 0 0.03224284202 0.9994800687 0 0 0 1 3623.dat
1 47 37.96998978 -137.5409393 -98.28435516 0.9994800687 -0.03224256635 0 0.03224284202 0.9994800687 0 0 0 1 3623.dat
1 47 37.71207428 -129.5451202 -118.2843552 0.9994800687 -0.03224256262 0 0.03224284202 0.9994800687 0 0 0 1 3623.dat
1 47 37.97001648 -137.5409546 -118.2843552 0.9994800687 -0.03224256262 0 0.03224284202 0.9994800687 0 0 0 1 3623.dat
1 47 37.71207428 -129.5451202 -138.2843475 0.9994800687 -0.03224256262 0 0.03224284202 0.9994800687 0 0 0 1 3623.dat
1 47 37.97001648 -137.5409546 -138.2843475 0.9994800687 -0.03224256262 0 0.03224284202 0.9994800687 0 0 0 1 3623.dat
1 47 37.71211624 -129.5448761 -158.2844391 0.9994800687 -0.03224241361 0 0.0322429426 0.9994800687 0 0 0 1 3623.dat
1 47 37.97005463 -137.5407257 -158.2844391 0.9994800687 -0.03224241361 0 0.0322429426 0.9994800687 0 0 0 1 3623.dat
1 47 37.71211624 -129.5448761 -178.2844238 0.9994800687 -0.03224241361 0 0.0322429426 0.9994800687 0 0 0 1 3623.dat
1 47 37.97005463 -137.5407257 -178.2844238 0.9994800687 -0.03224241361 0 0.0322429426 0.9994800687 0 0 0 1 3623.dat
1 47 37.71208572 -129.5448914 -198.2846069 0.9994800687 -0.03224241361 0 0.0322429426 0.9994800687 0 0 0 1 3623.dat
1 47 37.97002792 -137.540741 -198.2846069 0.9994800687 -0.03224241361 0 0.0322429426 0.9994800687 0 0 0 1 3623.dat
1 47 18.75423622 -162.1733398 -108.2843628 0 -0.03224256262 -0.9994800687 0 0.9994800687 -0.03224284202 1 0 0 3004.dat
1 47 58.7334404 -160.8836365 -108.2843552 0 -0.03224256262 -0.9994800687 0 0.9994800687 -0.03224284202 1 0 0 3004.dat
1 47 18.75426865 -162.173111 -148.2844391 0 -0.03224241361 -0.9994800687 0 0.9994800687 -0.0322429426 1 0 0 3004.dat
1 47 18.75424004 -162.173111 -188.2846069 0 -0.03224241361 -0.9994800687 0 0.9994800687 -0.0322429426 1 0 0 3004.dat
1 47 58.73347473 -160.8833923 -148.2844391 0 -0.03224241361 -0.9994800687 0 0.9994800687 -0.0322429426 1 0 0 3004.dat
1 47 58.73345184 -160.8834076 -188.2846069 0 -0.03224241361 -0.9994800687 0 0.9994800687 -0.0322429426 1 0 0 3004.dat
1 47 -181.2457733 -32.30614471 -168.2843628 0 -0.03224256262 -0.9994800687 0 0.9994800687 -0.03224284202 1 0 0 3004.dat
1 47 -162.030014 -7.673744678 -158.2843475 0.9994800687 -0.03224256635 0 0.03224284202 0.9994800687 0 0 0 1 3623.dat
1 47 -162.2879791 0.3221005201 -158.2843475 0.9994800687 -0.03224256635 0 0.03224284202 0.9994800687 0 0 0 1 3623.dat
1 47 -141.2665558 -31.01643944 -168.2843628 0 -0.03224256262 -0.9994800687 0 0.9994800687 -0.03224284202 1 0 0 3004.dat
1 47 -162.0299683 -7.673769474 -178.2843628 0.9994800687 -0.03224256262 0 0.03224284202 0.9994800687 0 0 0 1 3623.dat
1 47 -162.2879333 0.3220766783 -178.2843628 0.9994800687 -0.03224256262 0 0.03224284202 0.9994800687 0 0 0 1 3623.dat
1 47 -181.2457428 -32.30590057 -208.2844543 0 -0.03224241361 -0.9994800687 0 0.9994800687 -0.0322429426 1 0 0 3004.dat
1 47 -162.0299683 -7.673769474 -198.2843323 0.9994800687 -0.03224256262 0 0.03224284202 0.9994800687 0 0 0 1 3623.dat
1 47 -162.2879333 0.3220766783 -198.2843323 0.9994800687 -0.03224256262 0 0.03224284202 0.9994800687 0 0 0 1 3623.dat
1 47 -141.2665253 -31.0161953 -208.2844543 0 -0.03224241361 -0.9994800687 0 0.9994800687 -0.0322429426 1 0 0 3004.dat
1 47 -162.029953 -7.673520088 -218.2844391 0.9994800687 -0.03224241361 0 0.0322429426 0.9994800687 0 0 0 1 3623.dat
1 47 -162.2878876 0.3223180771 -218.2844391 0.9994800687 -0.03224241361 0 0.0322429426 0.9994800687 0 0 0 1 3623.dat
1 47 -181.2457733 -32.30592728 -248.2846222 0 -0.03224241361 -0.9994800687 0 0.9994800687 -0.0322429426 1 0 0 3004.dat
1 47 -162.029953 -7.673520088 -238.2844238 0.9994800687 -0.03224241361 0 0.0322429426 0.9994800687 0 0 0 1 3623.dat
1 47 -162.2878876 0.3223180771 -238.2844238 0.9994800687 -0.03224241361 0 0.0322429426 0.9994800687 0 0 0 1 3623.dat
1 47 -141.2665558 -31.01620674 -248.2846222 0 -0.03224241361 -0.9994800687 0 0.9994800687 -0.0322429426 1 0 0 3004.dat
1 47 -162.0299683 -7.673542976 -258.2846069 0.9994800687 -0.03224241361 0 0.0322429426 0.9994800687 0 0 0 1 3623.dat
1 47 -162.2879181 0.3223061562 -258.2846069 0.9994800687 -0.03224241361 0 0.0322429426 0.9994800687 0 0 0 1 3623.dat
1 16 114.0596771 -15.02476788 -138.2842712 1 0 0 0 1 0 0 0 1 Muon_Ring1_Sector0.lxf_0

0 FILE Muon_Ring1_Sector0.lxf_0
1 4 -9.73686409 -8.31826973 0 -0.9994800687 -0.03224209696 0 -0.03224273771 0.9994801879 0 0 0 -1 3794b.dat
1 71 -69.96379852 -2.256704092 -30.00012589 0.9994800687 -0.03224207088 0 0.03224267438 0.9994801879 0 0 0 1 3036.dat
1 4 -9.736816406 -8.318172455 -40.00006866 -0.9994800687 -0.03224207088 0 -0.03224274516 0.9994801879 0 0 0 -1 3794b.dat
1 4 -9.736804962 -8.317980766 -19.99999237 -0.9994800687 -0.03224207088 0 -0.03224271163 0.9994801879 0 0 0 -1 3794b.dat
1 4 -9.736852646 -8.318170547 -80.00022125 -0.9994800687 -0.03224207461 0 -0.03224274889 0.9994801879 0 0 0 -1 3794b.dat
1 4 -9.736744881 -8.317977905 -60.00024033 -0.9994800687 -0.03224207088 0 -0.03224267811 0.9994801879 0 0 0 -1 3794b.dat
1 4 -9.736948013 -8.318078995 19.99995804 -0.9994800687 -0.03224207088 0 -0.03224271163 0.9994801879 0 0 0 -1 3794b.dat
1 4 -49.71607208 -9.607824326 -80.00022125 -0.9994800687 -0.03224207088 0 -0.03224274516 0.9994801879 0 0 0 -1 3794b.dat
1 4 -49.71596527 -9.607634544 -60.00024033 -0.9994800687 -0.03224203363 0 -0.03224267066 0.9994801879 0 0 0 -1 3794b.dat
1 4 -49.71607208 -9.607825279 -40.00006866 -0.9994800687 -0.03224207088 0 -0.03224270791 0.9994801879 0 0 0 -1 3794b.dat
1 4 -49.71615601 -9.607637405 -19.99999237 -0.9994800687 -0.03224207088 0 -0.03224267811 0.9994801879 0 0 0 -1 3794b.dat
1 4 -49.71613312 -9.608017921 -1.192092896e-05 -0.9994800687 -0.03224207088 0 -0.03224271163 0.9994801879 0 0 0 -1 3794b.dat
1 4 -49.71611404 -9.60773468 19.99996948 -0.9994800687 -0.03224207088 0 -0.03224271163 0.9994801879 0 0 0 -1 3794b.dat
1 71 -50.23239136 6.384030819 -30.00007629 0 -0.03224207088 0.9994800687 0 0.9994801879 0.03224271163 -1 0 0 3022.dat
1 71 -50.23236847 6.383930683 20.00014114 0 -0.032242015 0.9994800687 0 0.9994801879 0.03224265948 -1 0 0 3021.dat
1 71 -60.2271843 6.061682224 -70.00022125 0.9994800687 -0.03224207088 0 0.03224271163 0.9994801879 0 0 0 1 3021.dat
1 4 -49.71612167 -9.607737541 40.00023651 -0.9994800687 -0.03224209324 0 -0.03224270046 0.9994801879 0 0 0 -1 3794b.dat
1 71 -69.96404266 -2.256753206 40.00015259 -0.9994800687 -0.03224204481 0 -0.03224272281 0.9994801879 0 0 0 -1 3460.dat
1 4 -9.736865044 -8.318078995 40.00023651 -0.9994800687 -0.03224202991 0 -0.03224267811 0.9994801879 0 0 0 -1 3794b.dat
1 71 -80.2168045 5.416823387 -19.99990463 0 -0.03224207088 0.9994800687 0 0.9994801879 0.03224271163 -1 0 0 3623.dat
1 4 -79.70079803 -10.57486153 -70.00575256 0 -0.03224207088 -0.9994800687 0 0.9994801879 -0.03224271163 1 0 0 3069b.dat
1 4 -79.70045471 -10.57486343 -39.99992752 0 -0.03224206716 0.9994800687 0 0.9994801879 0.03224267438 -1 0 0 3070b.dat
1 4 -79.70045471 -10.57496452 10.00004387 0 -0.03224207088 0.9994800687 0 0.9994801879 0.03224263713 -1 0 0 2431.dat
1 71 -100.2064438 4.771831512 29.99995613 0.9994800687 -0.03224207088 0 0.03224271163 0.9994801879 0 0 0 1 3021.dat
1 71 -110.2012863 4.449502945 -60.00006866 0 -0.03224207088 0.9994800687 0 0.9994801879 0.03224271163 -1 0 0 3021.dat
1 71 -110.2013474 4.449499607 -10 0 -0.03224207088 0.9994800687 0 0.9994801879 0.03224267811 -1 0 0 3022.dat
1 4 -109.6849442 -11.54234314 -80.00022125 -0.9994800687 -0.03224205598 0 -0.03224269301 0.9994801879 0 0 0 -1 3794b.dat
1 4 -109.6848755 -11.54216385 -60.00024033 -0.9994800687 -0.03224207088 0 -0.03224263713 0.9994801879 0 0 0 -1 3794b.dat
1 4 -109.6849594 -11.54235554 -40.00016403 -0.9994800687 -0.03224207088 0 -0.03224270791 0.9994801879 0 0 0 -1 3794b.dat
1 4 -109.6849823 -11.54226303 -19.99999237 -0.9994800687 -0.03224207088 0 -0.03224267811 0.9994801879 0 0 0 -1 3794b.dat
1 4 -109.6850052 -11.54254913 -1.192092896e-05 -0.9994800687 -0.03224207088 0 -0.03224271163 0.9994801879 0 0 0 -1 3794b.dat
1 4 -109.6850281 -11.54235935 19.99996948 -0.9994800687 -0.03224207088 0 -0.03224271163 0.9994801879 0 0 0 -1 3794b.dat
1 4 -109.6849594 -11.54226398 40.00023651 -0.9994800687 -0.03224207088 0 -0.03224263713 0.9994801879 0 0 0 -1 3794b.dat
1 4 -79.44263458 -18.57086182 40.00023651 0.9994800687 -0.03224208578 0 0.03224268928 0.9994801879 0 0 0 1 3460.dat
1 4 -79.44263458 -18.57096291 20.00017166 0.9994800687 -0.03224208206 0 0.03224268556 0.9994801879 0 0 0 1 3460.dat
1 71 -129.1586609 -28.17896843 20.00001144 0 -0.03224215284 -0.9994800687 0 0.9994801879 -0.03224273026 1 0 0 3623.dat
1 71 -78.92671967 -34.56266403 -9.999960899 -0.9994800687 -0.03224209324 0 -0.03224268556 0.9994800687 0 0 0 -1 3036.dat
1 71 -149.1482239 -28.82379532 10.00002003 0 -0.03224214911 -0.9994800687 0 0.9994801879 -0.03224272653 1 0 0 3710.dat
1 71 -109.1690292 -27.53404427 10.00005627 0 -0.03224215284 -0.9994800687 0 0.9994801879 -0.03224273026 1 0 0 3710.dat
1 71 -89.17943573 -26.88921165 20.0000248 0 -0.03224215284 -0.9994800687 0 0.9994801879 -0.03224273026 1 0 0 3623.dat
1 71 -129.1585999 -28.17906952 -50.00017166 0 -0.03224216402 -0.9994800687 0 0.9994801879 -0.03224274516 1 0 0 3710.dat
1 71 -89.17938232 -26.88939667 -50.00019836 0 -0.03224217519 -0.9994800687 0 0.9994801879 -0.03224275634 1 0 0 3710.dat
1 71 -149.1481934 -28.82390404 -60.00017548 0 -0.03224216402 -0.9994800687 0 0.9994801879 -0.03224274516 1 0 0 3623.dat
1 71 -109.1690292 -27.53423691 -60.00019836 0 -0.03224217892 -0.9994800687 0 0.9994801879 -0.03224276006 1 0 0 3623.dat
1 4 -78.66883087 -42.55851746 40.0000267 0.9994800687 -0.03224210069 0 0.03224269301 0.9994800687 0 0 0 1 3460.dat
1 71 -69.18981934 -26.24437141 10.00003242 0 -0.03224208951 -0.9994800687 0 0.9994801879 -0.03224268556 1 0 0 3710.dat
1 4 -78.66872406 -42.55851364 -29.99995995 -0.9994800687 -0.03224213794 0 -0.03224272281 0.9994801879 0 0 0 -1 3036.dat
1 71 -78.92669678 -34.56267548 -80.00032043 0.9994800687 -0.03224218637 0 0.03224276751 0.9994801879 0 0 0 1 3460.dat
1 71 -69.18984985 -26.24456596 -60.000103 0 -0.03224211931 -0.9994800687 0 0.9994801879 -0.03224270791 1 0 0 3623.dat
1 71 -138.1217499 -60.48474121 39.99996948 0.9994800687 -0.03224211559 0 0.03224270418 0.9994801879 0 0 0 1 3794b.dat
1 4 -78.4108963 -50.55437851 -10.00007439 0.9994800687 -0.03224210814 0 0.03224269673 0.9994801879 0 0 0 1 3036.dat
1 71 -138.1218567 -60.48456955 19.99998093 0.9994800687 -0.03224219382 0 0.03224268556 0.9994801879 0 0 0 1 3794b.dat
1 71 -98.14266205 -59.19422913 39.99998093 0.9994800687 -0.03224219382 0 0.03224270046 0.9994801879 0 0 0 1 3794b.dat
1 71 -98.14266968 -59.19404602 19.99995804 0.9994800687 -0.03224219382 0 0.03224268556 0.9994801879 0 0 0 1 3794b.dat
1 71 -138.1218719 -60.48456955 -3.576278687e-05 0.9994800687 -0.03224219382 0 0.03224268556 0.9994801879 0 0 0 1 3794b.dat
1 71 -138.1218262 -60.48451614 -20.00012398 0.9994800687 -0.03224220127 0 0.03224272281 0.9994801879 0 0 0 1 3794b.dat
1 71 -98.14266205 -59.19403839 -2.384185791e-05 0.9994800687 -0.03224219382 0 0.03224268556 0.9994801879 0 0 0 1 3794b.dat
1 71 -98.1426239 -59.19398499 -20.00012398 0.9994800687 -0.03224220499 0 0.03224269673 0.9994801879 0 0 0 1 3794b.dat
1 71 -138.1218872 -60.48452377 -40.00011826 0.9994800687 -0.03224220499 0 0.03224269673 0.9994801879 0 0 0 1 3794b.dat
1 71 -138.1219177 -60.48452377 -60.00021744 0.9994800687 -0.03224220499 0 0.03224269673 0.9994801879 0 0 0 1 3794b.dat
1 71 -98.14263916 -59.19408035 -40.00011826 0.9994800687 -0.03224220872 0 0.03224270046 0.9994801879 0 0 0 1 3794b.dat
1 71 -98.14269257 -59.19408035 -60.00019455 0.9994800687 -0.03224220872 0 0.03224273399 0.9994801879 0 0 0 1 3794b.dat
1 71 -138.1220093 -60.48452759 -80.00032043 0.9994800687 -0.03224213421 0 0.03224274144 0.9994801879 0 0 0 1 3794b.dat
1 4 -78.41081238 -50.55425644 -79.99998474 -0.9994800687 -0.03224198893 0 -0.0322425589 0.9994801879 0 0 0 -1 3460.dat
1 71 -98.14273071 -59.19409561 -80.00034332 0.9994800687 -0.03224212304 0 0.03224267438 0.9994801879 0 0 0 1 3794b.dat
1 71 -49.20025253 -25.59954262 20.00001144 0 -0.03224209324 -0.9994800687 0 0.9994801879 -0.03224268928 1 0 0 3623.dat
1 71 -49.20019913 -25.59972382 -50.00017166 0 -0.03224211931 -0.9994800687 0 0.9994801879 -0.03224270791 1 0 0 3710.dat
1 71 -58.16339111 -57.90454865 39.99998093 0.9994800687 -0.03224210814 0 0.03224272281 0.9994801879 0 0 0 1 3794b.dat
1 71 -58.16347504 -57.90437317 19.99995804 0.9994800687 -0.03224211186 0 0.03224270046 0.9994801879 0 0 0 1 3794b.dat
1 71 -58.16342926 -57.90436935 -3.576278687e-05 0.9994800687 -0.03224211186 0 0.03224270046 0.9994801879 0 0 0 1 3794b.dat
1 71 -58.16346359 -57.90431976 -20.00011253 0.9994800687 -0.03224213049 0 0.03224271163 0.9994801879 0 0 0 1 3794b.dat
1 71 -58.16342163 -57.90431595 -40.00021362 0.9994800687 -0.03224213049 0 0.03224271163 0.9994801879 0 0 0 1 3794b.dat
1 71 -58.1634407 -57.90441132 -60.00019455 0.9994800687 -0.03224213049 0 0.03224271163 0.9994801879 0 0 0 1 3794b.dat
1 71 -58.16352463 -57.90432739 -80.00034332 0.9994800687 -0.03224213421 0 0.03224271908 0.9994801879 0 0 0 1 3794b.dat
1 71 -29.21061897 -24.95469475 10.00003242 0 -0.03224210069 -0.9994800687 0 0.9994801879 -0.03224269673 1 0 0 3710.dat
1 71 -29.21064758 -24.95480156 -60.00019836 0 -0.03224211931 -0.9994800687 0 0.9994801879 -0.03224270791 1 0 0 3623.dat
1 71 -9.221037865 -24.30982018 20.00009537 0 -0.03224208951 -0.9994800687 0 0.9994801879 -0.03224268556 1 0 0 3623.dat
1 71 -9.221014023 -24.30996513 -50.00019836 0 -0.03224211931 -0.9994800687 0 0.9994801879 -0.03224270791 1 0 0 3710.dat
1 71 -18.18411255 -56.61564636 40.0000267 0.9994800687 -0.03224211186 0 0.03224270046 0.9994801879 0 0 0 1 3794b.dat
1 71 -18.18409538 -56.61545563 19.99987411 0.9994800687 -0.03224211186 0 0.03224270046 0.9994801879 0 0 0 1 3794b.dat
1 71 -18.18409538 -56.61545944 -0.0001072883606 0.9994800687 -0.03224211559 0 0.03224270046 0.9994801879 0 0 0 1 3794b.dat
1 71 -18.18408966 -56.61540604 -20.0002079 0.9994800687 -0.03224213049 0 0.03224271163 0.9994801879 0 0 0 1 3794b.dat
1 71 -18.18414307 -56.6155014 -40.00029755 0.9994800687 -0.03224213049 0 0.03224271163 0.9994801879 0 0 0 1 3794b.dat
1 71 -18.18414307 -56.61550903 -60.00031281 0.9994800687 -0.03224213049 0 0.03224273026 0.9994801879 0 0 0 1 3794b.dat
1 71 -18.18408394 -56.61551285 -80.00028992 0.9994800687 -0.03224213049 0 0.03224271163 0.9994801879 0 0 0 1 3794b.dat
1 4 -79.44263458 -18.57086754 -80.00007629 0.9994800687 -0.03224208206 0 0.03224268556 0.9994801879 0 0 0 1 3460.dat
1 4 -79.44268799 -18.57086754 -40.00004578 0.9994800687 -0.03224208206 0 0.03224268556 0.9994801879 0 0 0 1 3460.dat
1 4 -79.44268799 -18.57086754 -60.00001526 0.9994800687 -0.03224208206 0 0.03224268556 0.9994801879 0 0 0 1 3460.dat
1 4 -79.44264221 -18.57096291 9.536743164e-05 0.9994800687 -0.03224208206 0 0.03224268556 0.9994801879 0 0 0 1 3460.dat
1 4 -79.44268799 -18.57086754 -19.99995804 0.9994800687 -0.03224208206 0 0.03224268556 0.9994801879 0 0 0 1 3460.dat
1 71 -107.8795319 -67.51249695 29.99999237 -0.9994800687 -0.03224219382 0 -0.03224269673 0.9994801879 0 0 0 -1 3020.dat
1 71 -150.1800995 3.159550667 -19.9999485 -0.9994800687 -0.03224212676 -3.256719481e-07 -0.03224258497 0.9994801879 -1.050596765e-08 3.258413699e-07 0 -1 4275b.dat
1 71 -117.8744049 -67.83500671 -10.00006008 -0.9994800687 -0.03224212304 0 -0.03224271908 0.9994801879 0 0 0 -1 3021.dat
1 71 -107.8796158 -67.51249695 -50.0001297 -0.9994800687 -0.03224213421 0 -0.03224262223 0.9994801879 0 0 0 -1 3020.dat
1 4 -137.3496704 -84.47148132 -30.00169945 0 -0.03224219754 -0.9994800687 0 0.9994801879 -0.03224265575 1 0 0 3666.dat
1 4 -137.3495789 -84.4716568 39.99850845 0 -0.03224219382 -0.9994800687 0 0.9994801879 -0.03224264085 1 0 0 3024.dat
1 71 -127.0953522 -92.14488983 39.99996185 0.9994800687 -0.03224220127 0 0.03224270791 0.9994801879 0 0 0 1 3794b.dat
1 4 -67.38446045 -82.21447754 39.99998474 -0.9994800687 -0.03224220872 0 -0.03224271163 0.9994801879 0 0 0 -1 3666.dat
1 71 -150.1803436 3.159646749 0.0001040299467 -0.9994800687 -0.03224212676 -3.256719481e-07 -0.03224269301 0.9994801879 -1.050600318e-08 3.258413699e-07 0 -1 4275b.dat
1 4 -87.63212585 -74.8635025 -80.00019836 0.9994800687 -0.03224213049 0 0.03224268928 0.9994801879 0 0 0 1 3666.dat
1 71 -117.874527 -67.83502197 -80.00019836 -0.9994800687 -0.03224211559 0 -0.0322426632 0.9994801879 0 0 0 -1 3623.dat
1 71 -97.1111145 -91.17631531 -40.00022507 0 -0.0322422497 -0.9994800687 0 0.9994800687 -0.03224278986 1 0 0 3070b.dat
1 71 -97.11076355 -91.17648315 -9.994468689 0 -0.03224226087 0.9994800687 0 0.9994800687 0.03224276006 -1 0 0 3069b.dat
1 71 -97.11095428 -91.17746735 -69.99477386 0 -0.0322422497 0.9994800687 0 0.9994801879 0.03224271163 -1 0 0 3069b.dat
1 71 -67.12516785 -90.21018219 40.00145721 0.9994800687 -0.03224225715 0 0.03224276379 0.9994800687 0 0 0 1 3794b.dat
1 71 -67.12648773 -90.20959473 19.99987411 0.9994800687 -0.03224225715 0 0.03224271163 0.9994800687 0 0 0 1 3794b.dat
1 71 -67.12646484 -90.20960236 -0.000274181366 0.9994800687 -0.03224226087 0 0.03224276379 0.9994800687 0 0 0 1 3794b.dat
1 71 -67.12644958 -90.20961761 -20.00024414 0.9994800687 -0.0322422497 0 0.03224271163 0.9994801879 0 0 0 1 3794b.dat
1 71 -67.12641144 -90.20960236 -40.00022507 0.9994800687 -0.0322422497 0 0.03224278986 0.9994800687 0 0 0 1 3794b.dat
1 71 -67.12641144 -90.20960999 -60.00030136 0.9994800687 -0.03224224597 0 0.03224270791 0.9994801879 0 0 0 1 3794b.dat
1 71 -67.12644958 -90.21021271 -80.00024414 -0.9994800687 -0.0322422497 0 -0.03224271163 0.9994801879 0 0 0 -1 3794b.dat
1 71 -47.91054916 -65.57865906 -10.00015545 -0.9994800687 -0.03224209696 0 -0.0322426036 0.9994801879 0 0 0 -1 3020.dat
1 71 -47.9106102 -65.57875061 -80.00026703 -0.9994800687 -0.03224208578 0 -0.03224262595 0.9994801879 0 0 0 -1 3710.dat
1 71 -37.91583252 -65.25624084 29.99989128 -0.9994800687 -0.03224210069 0 -0.03224260733 0.9994801879 0 0 0 -1 3021.dat
1 71 -37.91597366 -65.25634003 -50.00032043 -0.9994800687 -0.03224210069 0 -0.03224261478 0.9994801879 0 0 0 -1 3021.dat
1 71 -27.14590454 -88.92050171 40.00149536 0.9994800687 -0.03224226087 0 0.03224277124 0.9994800687 0 0 0 1 3794b.dat
1 71 -27.14738274 -88.92050934 19.999897 0.9994800687 -0.03224225715 0 0.03224274889 0.9994800687 0 0 0 1 3794b.dat
1 71 -27.14739418 -88.92050934 -0.000262260437 0.9994800687 -0.03224225715 0 0.03224276006 0.9994800687 0 0 0 1 3794b.dat
1 71 -27.14732361 -88.92050934 -20.00024414 0.9994800687 -0.0322422497 0 0.03224271536 0.9994800687 0 0 0 1 3794b.dat
1 4 -17.66679573 -72.60640717 -9.998488426 0 -0.03224210814 0.9994800687 0 0.9994801879 0.03224265948 -1 0 0 3666.dat
1 71 -27.14738274 -88.92050171 -40.00022507 0.9994800687 -0.03224225342 0 0.03224279359 0.9994800687 0 0 0 1 3794b.dat
1 71 -27.14729881 -88.9205246 -60.00028992 0.9994800687 -0.0322422497 0 0.03224274889 0.9994801879 0 0 0 1 3794b.dat
1 71 -27.14722824 -88.92051697 -80.00024414 0.9994800687 -0.0322422497 0 0.03224275261 0.9994800687 0 0 0 1 3794b.dat
1 4 -17.66670609 -72.60650635 -79.9986496 0 -0.03224210441 0.9994800687 0 0.9994801879 0.03224263713 -1 0 0 3024.dat
1 71 -127.0951843 -92.14471436 -40.00016403 0.9994800687 -0.03224240988 0 0.03224300221 0.9994800687 0 0 0 1 3794b.dat
1 71 -127.0954361 -92.14474487 -80.0003891 0.9994800687 -0.03224240988 0 0.03224293888 0.9994800687 0 0 0 1 3794b.dat
1 71 -127.0952377 -92.14472198 19.99977875 0.9994800687 -0.03224240988 0 0.03224300221 0.9994800687 0 0 0 1 3794b.dat
1 71 -127.0951996 -92.14470673 -0.0002026557922 0.9994800687 -0.03224240988 0 0.03224300221 0.9994800687 0 0 0 1 3794b.dat
1 71 -127.0952606 -92.14473724 -60.00031281 0.9994800687 -0.03224240988 0 0.03224300221 0.9994800687 0 0 0 1 3794b.dat
1 71 -127.0951996 -92.14471436 -20.00017166 0.9994800687 -0.03224240988 0 0.03224300221 0.9994800687 0 0 0 1 3794b.dat
1 71 -97.11083984 -91.17747498 30.00548172 0 -0.03224240988 0.9994800687 0 0.9994800687 0.03224300221 -1 0 0 3069b.dat
1 71 -10.25283813 7.673419476 -20.00006104 0.9994800687 -0.03224204481 3.256719481e-07 0.03224265948 0.9994801879 1.050599252e-08 -3.258413699e-07 0 1 4276b.dat
1 71 -10.25294495 7.673695564 19.99987602 0.9994800687 -0.03224207461 3.256719481e-07 0.03224265948 0.9994801283 1.050599252e-08 -3.258413699e-07 0 1 4276b.dat
1 71 -150.1803589 3.159739733 19.99995422 -0.9994800687 -0.03224212676 -3.256719481e-07 -0.03224269301 0.9994801879 -1.050600318e-08 3.258413699e-07 0 -1 4275b.dat
1 71 -10.25273132 7.673133373 -80.00007629 0.9994800687 -0.03224204481 3.256719481e-07 0.03224265948 0.9994801879 1.050599252e-08 -3.258413699e-07 0 1 4276b.dat
1 71 -10.25282669 7.673411846 -60.00019836 0.9994800687 -0.03224204481 3.256719481e-07 0.03224265948 0.9994801879 1.050599252e-08 -3.258413699e-07 0 1 4276b.dat
1 71 -10.25283813 7.673416138 -40.00012589 0.9994800687 -0.03224204481 3.256719481e-07 0.03224265948 0.9994801879 1.050599252e-08 -3.258413699e-07 0 1 4276b.dat
1 71 -10.25311279 7.673799992 -0.0001874764566 0.9994800687 -0.03224202618 3.256719481e-07 0.03224260733 0.9994801879 1.050597565e-08 -3.258413699e-07 0 1 4276b.dat
1 71 -10.25277901 7.673492432 40.00004959 0.9994800687 -0.03224204481 3.256719481e-07 0.03224269301 0.9994801879 1.050600318e-08 -3.258413699e-07 0 1 4276b.dat
1 71 -76.86351776 -98.52864075 39.99988937 0.9994800687 -0.03224256635 0 0.03224284202 0.9994800687 0 0 0 1 3666.dat
1 71 -150.1800842 3.159552813 -60.00001907 -0.9994800687 -0.03224212676 -3.256719481e-07 -0.03224258497 0.9994801879 -1.050596765e-08 3.258413699e-07 0 -1 4275b.dat
1 71 -150.1800995 3.159552097 -39.99992752 -0.9994800687 -0.03224212676 -3.256719481e-07 -0.03224258497 0.9994801879 -1.050596765e-08 3.258413699e-07 0 -1 4275b.dat
1 4 -149.6641693 -12.83217621 -80.00007629 -0.9994800687 -0.03224206716 0 -0.03224277124 0.9994801879 0 0 0 -1 3794b.dat
1 71 -159.9169006 -5.158733368 -80.00005341 0 -0.03224216402 0.9994800687 0 0.9994801879 0.03224281594 -1 0 0 3024.dat
1 71 -150.1798706 3.159364223 -79.99999237 -0.9994800687 -0.03224221617 -3.256719481e-07 -0.03224270418 0.9994801879 -1.050600673e-08 3.258413699e-07 0 -1 4275b.dat
1 4 -149.6643829 -12.83201694 -60.00011063 -0.9994800687 -0.03224212304 0 -0.03224279732 0.9994801879 0 0 0 -1 3794b.dat
1 4 -149.6643829 -12.83220768 -39.99991608 -0.9994800687 -0.03224212304 0 -0.03224273026 0.9994801879 0 0 0 -1 3794b.dat
1 4 -149.6643829 -12.83201885 -20.00001717 -0.9994800687 -0.03224212304 0 -0.03224279732 0.9994801879 0 0 0 -1 3794b.dat
1 4 -149.6643829 -12.83221054 0.0001311302185 -0.9994800687 -0.03224212304 0 -0.03224273026 0.9994801879 0 0 0 -1 3794b.dat
1 4 -149.6642609 -12.83202171 20.00000381 -0.9994800687 -0.03224212304 0 -0.03224279732 0.9994801879 0 0 0 -1 3794b.dat
1 4 -149.6644135 -12.83202171 40.00007629 -0.9994800687 -0.03224212304 0 -0.03224268928 0.9994801879 0 0 0 -1 3794b.dat
1 71 -159.9172058 -5.15858078 -10.00002003 0 -0.03224212304 0.9994800687 0 0.9994801879 0.03224268928 -1 0 0 3666.dat
1 71 -150.1800995 3.159552097 40.00004196 -0.9994800687 -0.03224215284 -3.256719481e-07 -0.03224258497 0.9994801879 -1.050596765e-08 3.258413699e-07 0 -1 4275b.dat


