0 FILE Muon_Ring1_Sector11.lxf
1 2 83.55896759 -0.0001423060894 -98.28412628 0.9994800687 -0.03224201128 0 0.03224265948 0.9994800687 0 0 0 1 3710.dat
1 2 -16.38912582 -3.224376917 -98.28431702 0.9994800687 -0.03224206716 0 0.03224271163 0.9994800687 0 0 0 1 3710.dat
1 2 33.5848732 -1.612241507 -98.28429413 0.9994800687 -0.03224206716 0 0.03224271163 0.9994800687 0 0 0 1 3024.dat
1 4 -13.5514946 -91.17797852 -148.2844391 0 -0.03224219382 -0.9994800687 0 0.9994800687 -0.03224270046 1 0 0 3795.dat
1 4 26.42770386 -89.88825989 -148.2844086 0 -0.03224219754 -0.9994800687 0 0.9994800687 -0.03224270418 1 0 0 3795.dat
1 4 46.67379379 -97.2387085 -128.2857208 0.9994800687 -0.03224218637 0 0.03224263713 0.9994800687 0 0 0 1 3795.dat
1 4 66.40699768 -88.59927368 -148.2845306 0 -0.03224210814 -0.9994800687 0 0.9994800687 -0.0322426185 1 0 0 3795.dat
1 4 46.67380524 -97.2387085 -168.2857513 0.9994800687 -0.03224219009 0 0.03224264085 0.9994800687 0 0 0 1 3795.dat
1 4 46.67370987 -97.23944855 -208.2858734 0.9994800687 -0.03224218637 0 0.03224263713 0.9994800687 0 0 0 1 3795.dat
1 71 37.45411301 -121.5492477 -98.28438568 -0.9994800687 -0.03224256635 0 -0.03224284202 0.9994800687 0 0 0 -1 6636.dat
1 71 37.19619751 -113.5534286 -128.2843781 -0.9994800687 -0.03224256262 0 -0.03224284202 0.9994800687 0 0 0 -1 3795.dat
1 71 37.4541626 -121.549263 -118.2843704 -0.9994800687 -0.03224256262 0 -0.03224284202 0.9994800687 0 0 0 -1 6636.dat
1 71 37.4541626 -121.549263 -138.2843781 -0.9994800687 -0.03224256262 0 -0.03224284202 0.9994800687 0 0 0 -1 6636.dat
1 71 37.19623566 -113.5531921 -168.2844543 -0.9994801879 -0.03224241361 0 -0.03224294633 0.9994800687 0 0 0 -1 3795.dat
1 71 37.45419693 -121.5490189 -178.2844543 -0.9994801879 -0.03224241361 0 -0.03224294633 0.9994800687 0 0 0 -1 6636.dat
1 71 37.45419693 -121.5490189 -158.2844543 -0.9994801879 -0.03224241361 0 -0.03224294633 0.9994800687 0 0 0 -1 6636.dat
1 71 37.19620514 -113.5531998 -208.2846222 -0.9994801879 -0.03224241361 0 -0.03224294633 0.9994800687 0 0 0 -1 3795.dat
1 71 37.45417404 -121.5490341 -198.2846222 -0.9994801879 -0.03224241361 0 -0.03224294633 0.9994800687 0 0 0 -1 6636.dat
1 71 37.45417404 -121.5490341 -218.2846375 -0.9994801879 -0.03224241361 0 -0.03224294633 0.9994800687 0 0 0 -1 6636.dat
1 2 -46.37293243 -4.191988945 -168.2842255 0 -0.03224221244 0.9994800687 0 0.9994800687 0.03224270418 -1 0 0 3666.dat
1 16 114.0596771 -15.02476788 -138.2842712 1 0 0 0 1 0 0 0 1 Muon_Ring1_Sector11.lxf_0

0 FILE Muon_Ring1_Sector11.lxf_0
1 4 -9.73686409 -8.318267822 0 -0.9994800687 -0.03224209324 0 -0.03224273771 0.9994800687 0 0 0 -1 3794b.dat
1 71 -69.96379852 -2.256701946 -30.00012589 0.9994800687 -0.03224206716 0 0.03224267438 0.9994800687 0 0 0 1 3036.dat
1 4 -9.736816406 -8.318170547 -40.00006866 -0.9994800687 -0.03224206716 0 -0.03224274516 0.9994800687 0 0 0 -1 3794b.dat
1 4 -9.736804962 -8.317980766 -19.99999237 -0.9994800687 -0.03224206716 0 -0.03224271163 0.9994800687 0 0 0 -1 3794b.dat
1 4 -9.736852646 -8.318169594 -80.00022125 -0.9994800687 -0.03224207088 0 -0.03224274889 0.9994800687 0 0 0 -1 3794b.dat
1 4 -9.736744881 -8.317977905 -60.00024033 -0.9994800687 -0.03224206716 0 -0.03224267811 0.9994800687 0 0 0 -1 3794b.dat
1 4 -9.736935616 -8.318078041 19.99995804 -0.9994800687 -0.03224206716 0 -0.03224271163 0.9994800687 0 0 0 -1 3794b.dat
1 4 -49.71607208 -9.607824326 -80.00022125 -0.9994800687 -0.03224206716 0 -0.03224274516 0.9994800687 0 0 0 -1 3794b.dat
1 4 -49.71596527 -9.607634544 -60.00024033 -0.9994800687 -0.03224202991 0 -0.03224267066 0.9994800687 0 0 0 -1 3794b.dat
1 4 -49.71607208 -9.607825279 -40.00006866 -0.9994800687 -0.03224206716 0 -0.03224270791 0.9994800687 0 0 0 -1 3794b.dat
1 4 -49.71615601 -9.607636452 -19.99999237 -0.9994800687 -0.03224206716 0 -0.03224267811 0.9994800687 0 0 0 -1 3794b.dat
1 4 -49.71613312 -9.608017921 -1.192092896e-05 -0.9994800687 -0.03224206716 0 -0.03224271163 0.9994800687 0 0 0 -1 3794b.dat
1 4 -49.71611404 -9.607732773 19.99996948 -0.9994800687 -0.03224206716 0 -0.03224271163 0.9994800687 0 0 0 -1 3794b.dat
1 71 -50.23239136 6.384030819 -30.00007629 0 -0.03224206716 0.9994800687 0 0.9994800687 0.03224271163 -1 0 0 3022.dat
1 71 -50.23236847 6.38393259 20.00014114 0 -0.03224201128 0.9994800687 0 0.9994800687 0.03224265948 -1 0 0 3021.dat
1 71 -60.2271843 6.061683655 -70.00022125 0.9994800687 -0.03224206716 0 0.03224271163 0.9994800687 0 0 0 1 3021.dat
1 4 -49.71612167 -9.607735634 40.00023651 -0.9994800687 -0.03224208951 0 -0.03224270046 0.9994800687 0 0 0 -1 3794b.dat
1 71 -69.96404266 -2.256752491 40.00015259 -0.9994800687 -0.03224204108 0 -0.03224272281 0.9994800687 0 0 0 -1 3460.dat
1 4 -9.736852646 -8.318078041 40.00023651 -0.9994800687 -0.03224202618 0 -0.03224267811 0.9994800687 0 0 0 -1 3794b.dat
1 71 -80.2168045 5.416824818 -19.99990463 0 -0.03224206716 0.9994800687 0 0.9994800687 0.03224271163 -1 0 0 3623.dat
1 4 -79.70079803 -10.57486057 -70.00575256 0 -0.03224206716 -0.9994800687 0 0.9994800687 -0.03224271163 1 0 0 3069b.dat
1 4 -79.70045471 -10.57486153 -39.99992752 0 -0.03224206343 0.9994800687 0 0.9994800687 0.03224267438 -1 0 0 3070b.dat
1 4 -79.70045471 -10.57496262 10.00004387 0 -0.03224206716 0.9994800687 0 0.9994800687 0.03224263713 -1 0 0 2431.dat
1 71 -100.2064438 4.771832943 29.99995613 0.9994800687 -0.03224206716 0 0.03224271163 0.9994800687 0 0 0 1 3021.dat
1 71 -110.2012863 4.449503899 -60.00006866 0 -0.03224206716 0.9994800687 0 0.9994800687 0.03224271163 -1 0 0 3021.dat
1 71 -110.2013474 4.449501038 -10 0 -0.03224206716 0.9994800687 0 0.9994800687 0.03224267811 -1 0 0 3022.dat
1 4 -109.6849442 -11.54234028 -80.00022125 -0.9994800687 -0.03224205226 0 -0.03224269301 0.9994800687 0 0 0 -1 3794b.dat
1 4 -109.6848755 -11.54216194 -60.00024033 -0.9994800687 -0.03224206716 0 -0.03224263713 0.9994800687 0 0 0 -1 3794b.dat
1 4 -109.6849594 -11.54235363 -40.00016403 -0.9994800687 -0.03224206716 0 -0.03224270791 0.9994800687 0 0 0 -1 3794b.dat
1 4 -109.6849823 -11.54226017 -19.99999237 -0.9994800687 -0.03224206716 0 -0.03224267811 0.9994800687 0 0 0 -1 3794b.dat
1 4 -109.6850052 -11.54254723 -1.192092896e-05 -0.9994800687 -0.03224206716 0 -0.03224271163 0.9994800687 0 0 0 -1 3794b.dat
1 4 -109.6850281 -11.5423584 19.99996948 -0.9994800687 -0.03224206716 0 -0.03224271163 0.9994800687 0 0 0 -1 3794b.dat
1 4 -109.6849594 -11.54226208 40.00023651 -0.9994800687 -0.03224206716 0 -0.03224263713 0.9994800687 0 0 0 -1 3794b.dat
1 4 -79.44263458 -18.57086182 40.00023651 0.9994800687 -0.03224208206 0 0.03224268928 0.9994800687 0 0 0 1 3460.dat
1 4 -79.44263458 -18.57096291 20.00017166 0.9994800687 -0.03224207833 0 0.03224268556 0.9994800687 0 0 0 1 3460.dat
1 71 -129.1586609 -28.17896652 20.00001144 0 -0.03224214911 -0.9994800687 0 0.9994800687 -0.03224273026 1 0 0 3623.dat
1 71 -78.92670441 -34.56266403 -9.999960899 -0.9994800687 -0.03224209696 0 -0.03224268556 0.9994801879 0 0 0 -1 3036.dat
1 71 -149.1482239 -28.82379341 10.00002003 0 -0.03224214539 -0.9994800687 0 0.9994800687 -0.03224272653 1 0 0 3710.dat
1 71 -109.1690292 -27.53404427 10.00005627 0 -0.03224214911 -0.9994800687 0 0.9994800687 -0.03224273026 1 0 0 3710.dat
1 71 -89.17943573 -26.88920784 20.0000248 0 -0.03224214911 -0.9994800687 0 0.9994800687 -0.03224273026 1 0 0 3623.dat
1 71 -129.1585999 -28.17906761 -50.00017166 0 -0.03224216029 -0.9994800687 0 0.9994800687 -0.03224274516 1 0 0 3710.dat
1 71 -89.17938232 -26.88939285 -50.00019836 0 -0.03224217147 -0.9994800687 0 0.9994800687 -0.03224275634 1 0 0 3710.dat
1 71 -149.1481934 -28.82390022 -60.00017548 0 -0.03224216029 -0.9994800687 0 0.9994800687 -0.03224274516 1 0 0 3623.dat
1 71 -109.1690292 -27.534235 -60.00019836 0 -0.03224217519 -0.9994800687 0 0.9994800687 -0.03224276006 1 0 0 3623.dat
1 4 -78.66883087 -42.55852127 40.0000267 0.9994800687 -0.03224210441 0 0.03224269301 0.9994801879 0 0 0 1 3460.dat
1 71 -69.18981934 -26.24436951 10.00003242 0 -0.03224208578 -0.9994800687 0 0.9994800687 -0.03224268556 1 0 0 3710.dat
1 4 -78.66872406 -42.55851364 -29.99995995 -0.9994800687 -0.03224213421 0 -0.03224272281 0.9994800687 0 0 0 -1 3036.dat
1 71 -78.92669678 -34.56267548 -80.00032043 0.9994800687 -0.03224218264 0 0.03224276751 0.9994800687 0 0 0 1 3460.dat
1 71 -69.18984985 -26.24456215 -60.000103 0 -0.03224211559 -0.9994800687 0 0.9994800687 -0.03224270791 1 0 0 3623.dat
1 71 -138.1217499 -60.48474121 39.99996948 0.9994800687 -0.03224211186 0 0.03224270418 0.9994800687 0 0 0 1 3794b.dat
1 4 -78.4108963 -50.55437088 -10.00007439 0.9994800687 -0.03224210441 0 0.03224269673 0.9994800687 0 0 0 1 3036.dat
1 71 -138.1218567 -60.48456955 19.99998093 0.9994800687 -0.03224219009 0 0.03224268556 0.9994800687 0 0 0 1 3794b.dat
1 71 -98.14266205 -59.19422913 39.99998093 0.9994800687 -0.03224219009 0 0.03224270046 0.9994800687 0 0 0 1 3794b.dat
1 71 -98.14266968 -59.19404602 19.99995804 0.9994800687 -0.03224219009 0 0.03224268556 0.9994800687 0 0 0 1 3794b.dat
1 71 -138.1218719 -60.48456955 -3.576278687e-05 0.9994800687 -0.03224219009 0 0.03224268556 0.9994800687 0 0 0 1 3794b.dat
1 71 -138.1218262 -60.48451614 -20.00012398 0.9994800687 -0.03224219754 0 0.03224272281 0.9994800687 0 0 0 1 3794b.dat
1 71 -98.14266205 -59.19403839 -2.384185791e-05 0.9994800687 -0.03224219009 0 0.03224268556 0.9994800687 0 0 0 1 3794b.dat
1 71 -98.1426239 -59.19398499 -20.00012398 0.9994800687 -0.03224220127 0 0.03224269673 0.9994800687 0 0 0 1 3794b.dat
1 71 -138.1218872 -60.48452377 -40.00011826 0.9994800687 -0.03224220127 0 0.03224269673 0.9994800687 0 0 0 1 3794b.dat
1 71 -138.1219177 -60.48452377 -60.00021744 0.9994800687 -0.03224220127 0 0.03224269673 0.9994800687 0 0 0 1 3794b.dat
1 71 -98.14263916 -59.19408035 -40.00011826 0.9994800687 -0.03224220499 0 0.03224270046 0.9994800687 0 0 0 1 3794b.dat
1 71 -98.14269257 -59.19408035 -60.00019455 0.9994800687 -0.03224220499 0 0.03224273399 0.9994800687 0 0 0 1 3794b.dat
1 71 -138.1220093 -60.48452759 -80.00032043 0.9994800687 -0.03224213049 0 0.03224274144 0.9994800687 0 0 0 1 3794b.dat
1 4 -78.41081238 -50.55425644 -79.99998474 -0.9994800687 -0.0322419852 0 -0.0322425589 0.9994800687 0 0 0 -1 3460.dat
1 71 -98.14273071 -59.19409561 -80.00034332 0.9994800687 -0.03224211931 0 0.03224267438 0.9994800687 0 0 0 1 3794b.dat
1 71 -49.20025253 -25.59954262 20.00001144 0 -0.03224208951 -0.9994800687 0 0.9994800687 -0.03224268928 1 0 0 3623.dat
1 71 -49.20019913 -25.59972191 -50.00017166 0 -0.03224211559 -0.9994800687 0 0.9994800687 -0.03224270791 1 0 0 3710.dat
1 71 -58.16339111 -57.90454865 39.99998093 0.9994800687 -0.03224210441 0 0.03224272281 0.9994800687 0 0 0 1 3794b.dat
1 71 -58.16347504 -57.90437317 19.99995804 0.9994800687 -0.03224210814 0 0.03224270046 0.9994800687 0 0 0 1 3794b.dat
1 71 -58.16342926 -57.90436935 -3.576278687e-05 0.9994800687 -0.03224210814 0 0.03224270046 0.9994800687 0 0 0 1 3794b.dat
1 71 -58.16346359 -57.90431976 -20.00011253 0.9994800687 -0.03224212676 0 0.03224271163 0.9994800687 0 0 0 1 3794b.dat
1 71 -58.16342163 -57.90431595 -40.00021362 0.9994800687 -0.03224212676 0 0.03224271163 0.9994800687 0 0 0 1 3794b.dat
1 71 -58.1634407 -57.90441132 -60.00019455 0.9994800687 -0.03224212676 0 0.03224271163 0.9994800687 0 0 0 1 3794b.dat
1 71 -58.16352463 -57.90432739 -80.00034332 0.9994800687 -0.03224213049 0 0.03224271908 0.9994800687 0 0 0 1 3794b.dat
1 71 -29.21061897 -24.95469093 10.00003242 0 -0.03224209696 -0.9994800687 0 0.9994800687 -0.03224269673 1 0 0 3710.dat
1 71 -29.21065331 -24.95479965 -60.00019836 0 -0.03224211559 -0.9994800687 0 0.9994800687 -0.03224270791 1 0 0 3623.dat
1 71 -9.221037865 -24.30981636 20.00009537 0 -0.03224208578 -0.9994800687 0 0.9994800687 -0.03224268556 1 0 0 3623.dat
1 71 -9.221001625 -24.30996323 -50.00019836 0 -0.03224211559 -0.9994800687 0 0.9994800687 -0.03224270791 1 0 0 3710.dat
1 71 -18.18411255 -56.61564636 40.0000267 0.9994800687 -0.03224210814 0 0.03224270046 0.9994800687 0 0 0 1 3794b.dat
1 71 -18.18409538 -56.61545563 19.99987411 0.9994800687 -0.03224210814 0 0.03224270046 0.9994800687 0 0 0 1 3794b.dat
1 71 -18.18409538 -56.61545944 -0.0001072883606 0.9994800687 -0.03224211186 0 0.03224270046 0.9994800687 0 0 0 1 3794b.dat
1 71 -18.18408966 -56.61540604 -20.0002079 0.9994800687 -0.03224212676 0 0.03224271163 0.9994800687 0 0 0 1 3794b.dat
1 71 -18.18414307 -56.6155014 -40.00029755 0.9994800687 -0.03224212676 0 0.03224271163 0.9994800687 0 0 0 1 3794b.dat
1 71 -18.18414307 -56.61550903 -60.00031281 0.9994800687 -0.03224212676 0 0.03224273026 0.9994800687 0 0 0 1 3794b.dat
1 71 -18.18408394 -56.61551285 -80.00028992 0.9994800687 -0.03224212676 0 0.03224271163 0.9994800687 0 0 0 1 3794b.dat
1 4 -79.44263458 -18.57086754 -80.00007629 0.9994800687 -0.03224207833 0 0.03224268556 0.9994800687 0 0 0 1 3460.dat
1 4 -79.44268799 -18.57086754 -40.00004578 0.9994800687 -0.03224207833 0 0.03224268556 0.9994800687 0 0 0 1 3460.dat
1 4 -79.44268799 -18.57086754 -60.00001526 0.9994800687 -0.03224207833 0 0.03224268556 0.9994800687 0 0 0 1 3460.dat
1 4 -79.44264221 -18.57096291 9.536743164e-05 0.9994800687 -0.03224207833 0 0.03224268556 0.9994800687 0 0 0 1 3460.dat
1 4 -79.44268799 -18.57086754 -19.99995804 0.9994800687 -0.03224207833 0 0.03224268556 0.9994800687 0 0 0 1 3460.dat
1 71 -107.8795319 -67.51249695 29.99999237 -0.9994800687 -0.03224219009 0 -0.03224269673 0.9994800687 0 0 0 -1 3020.dat
1 71 -150.1800995 3.159554243 -19.9999485 -0.9994800687 -0.03224212304 -3.256719481e-07 -0.03224258497 0.9994800687 -1.050596765e-08 3.258413699e-07 0 -1 4275b.dat
1 71 -117.8743973 -67.83500671 -10.00006008 -0.9994800687 -0.03224211931 0 -0.03224271908 0.9994800687 0 0 0 -1 3021.dat
1 71 -107.8796158 -67.51249695 -50.0001297 -0.9994800687 -0.03224213049 0 -0.03224262223 0.9994800687 0 0 0 -1 3020.dat
1 4 -137.3496704 -84.47147369 -30.00169945 0 -0.03224219382 -0.9994800687 0 0.9994800687 -0.03224265575 1 0 0 3666.dat
1 4 -137.3495789 -84.47164917 39.99850845 0 -0.03224219009 -0.9994800687 0 0.9994800687 -0.03224264085 1 0 0 3024.dat
1 71 -127.0953522 -92.14488983 39.99996185 0.9994800687 -0.03224219754 0 0.03224270791 0.9994800687 0 0 0 1 3794b.dat
1 4 -67.38446045 -82.21447754 39.99998474 -0.9994800687 -0.03224220499 0 -0.03224271163 0.9994800687 0 0 0 -1 3666.dat
1 71 -150.1803436 3.159650326 0.0001040299467 -0.9994800687 -0.03224212304 -3.256719481e-07 -0.03224269301 0.9994800687 -1.050600318e-08 3.258413699e-07 0 -1 4275b.dat
1 4 -87.63212585 -74.8635025 -80.00019836 0.9994800687 -0.03224212676 0 0.03224268928 0.9994800687 0 0 0 1 3666.dat
1 71 -117.874527 -67.83502197 -80.00019836 -0.9994800687 -0.03224211186 0 -0.0322426632 0.9994800687 0 0 0 -1 3623.dat
1 71 -97.1111145 -91.17632294 -40.00022507 0 -0.0322422497 -0.9994800687 0 0.9994800687 -0.03224278986 1 0 0 3070b.dat
1 71 -97.11076355 -91.17648315 -9.994468689 0 -0.03224226087 0.9994800687 0 0.9994800687 0.03224276006 -1 0 0 3069b.dat
1 71 -97.11095428 -91.17745972 -69.99477386 0 -0.03224224597 0.9994800687 0 0.9994800687 0.03224271163 -1 0 0 3069b.dat
1 71 -67.12516785 -90.21018982 40.00145721 0.9994800687 -0.03224225715 0 0.03224276379 0.9994800687 0 0 0 1 3794b.dat
1 71 -67.12648773 -90.20960236 19.99987411 0.9994800687 -0.03224225715 0 0.03224271163 0.9994800687 0 0 0 1 3794b.dat
1 71 -67.12646484 -90.20960999 -0.000274181366 0.9994800687 -0.03224226087 0 0.03224276379 0.9994800687 0 0 0 1 3794b.dat
1 71 -67.12644958 -90.20961761 -20.00024414 0.9994800687 -0.03224224597 0 0.03224271163 0.9994800687 0 0 0 1 3794b.dat
1 71 -67.12641144 -90.20960999 -40.00022507 0.9994800687 -0.0322422497 0 0.03224278986 0.9994800687 0 0 0 1 3794b.dat
1 71 -67.12641144 -90.20961761 -60.00030136 0.9994800687 -0.03224224225 0 0.03224270791 0.9994800687 0 0 0 1 3794b.dat
1 71 -67.12645721 -90.21021271 -80.00024414 -0.9994800687 -0.03224224597 0 -0.03224271163 0.9994800687 0 0 0 -1 3794b.dat
1 71 -47.91054916 -65.57865906 -10.00015545 -0.9994800687 -0.03224209324 0 -0.0322426036 0.9994800687 0 0 0 -1 3020.dat
1 71 -47.9106102 -65.57875061 -80.00026703 -0.9994800687 -0.03224208206 0 -0.03224262595 0.9994800687 0 0 0 -1 3710.dat
1 71 -37.91583252 -65.25624084 29.99989128 -0.9994800687 -0.03224209696 0 -0.03224260733 0.9994800687 0 0 0 -1 3021.dat
1 71 -37.91597366 -65.25634003 -50.00032043 -0.9994800687 -0.03224209696 0 -0.03224261478 0.9994800687 0 0 0 -1 3021.dat
1 71 -27.14590454 -88.92050934 40.00149536 0.9994800687 -0.03224226087 0 0.03224277124 0.9994800687 0 0 0 1 3794b.dat
1 71 -27.14738274 -88.92051697 19.999897 0.9994800687 -0.03224225715 0 0.03224274889 0.9994800687 0 0 0 1 3794b.dat
1 71 -27.14739418 -88.92050934 -0.000262260437 0.9994800687 -0.03224225715 0 0.03224276006 0.9994800687 0 0 0 1 3794b.dat
1 71 -27.14732361 -88.92050934 -20.00024414 0.9994800687 -0.0322422497 0 0.03224271536 0.9994800687 0 0 0 1 3794b.dat
1 4 -17.66679573 -72.60640717 -9.998488426 0 -0.03224210441 0.9994800687 0 0.9994800687 0.03224265948 -1 0 0 3666.dat
1 71 -27.14738274 -88.92050934 -40.00022507 0.9994800687 -0.03224225342 0 0.03224279359 0.9994800687 0 0 0 1 3794b.dat
1 71 -27.14729881 -88.9205246 -60.00028992 0.9994800687 -0.03224224597 0 0.03224274889 0.9994800687 0 0 0 1 3794b.dat
1 71 -27.14722824 -88.92051697 -80.00024414 0.9994800687 -0.0322422497 0 0.03224275261 0.9994800687 0 0 0 1 3794b.dat
1 4 -17.66670609 -72.60649872 -79.9986496 0 -0.03224210069 0.9994800687 0 0.9994800687 0.03224263713 -1 0 0 3024.dat
1 71 -127.0951843 -92.14471436 -40.00016403 0.9994800687 -0.03224240988 0 0.03224300221 0.9994800687 0 0 0 1 3794b.dat
1 71 -127.0954361 -92.14474487 -80.0003891 0.9994800687 -0.03224240988 0 0.03224293888 0.9994800687 0 0 0 1 3794b.dat
1 71 -127.0952377 -92.14472198 19.99977875 0.9994800687 -0.03224240988 0 0.03224300221 0.9994800687 0 0 0 1 3794b.dat
1 71 -127.0951996 -92.14470673 -0.0002026557922 0.9994800687 -0.03224240988 0 0.03224300221 0.9994800687 0 0 0 1 3794b.dat
1 71 -127.0952606 -92.14473724 -60.00031281 0.9994800687 -0.03224240988 0 0.03224300221 0.9994800687 0 0 0 1 3794b.dat
1 71 -127.0951996 -92.14471436 -20.00017166 0.9994800687 -0.03224240988 0 0.03224300221 0.9994800687 0 0 0 1 3794b.dat
1 71 -97.11083984 -91.17747498 30.00548172 0 -0.03224240988 0.9994800687 0 0.9994800687 0.03224300221 -1 0 0 3069b.dat
1 71 -10.25283813 7.673419476 -20.00006104 0.9994800091 -0.03224204108 3.256719481e-07 0.03224265948 0.9994800687 1.050599252e-08 -3.258413699e-07 0 1 4276b.dat
1 71 -10.25294399 7.673696518 19.99987602 0.9994800091 -0.03224207088 3.256719481e-07 0.03224265948 0.9994800091 1.050599252e-08 -3.258413699e-07 0 1 4276b.dat
1 71 -150.1803589 3.159742832 19.99995422 -0.9994800687 -0.03224212304 -3.256719481e-07 -0.03224269301 0.9994800687 -1.050600318e-08 3.258413699e-07 0 -1 4275b.dat
1 71 -10.25273037 7.673134804 -80.00007629 0.9994800091 -0.03224204108 3.256719481e-07 0.03224265948 0.9994800687 1.050599252e-08 -3.258413699e-07 0 1 4276b.dat
1 71 -10.25282574 7.673411846 -60.00019836 0.9994800091 -0.03224204108 3.256719481e-07 0.03224265948 0.9994800687 1.050599252e-08 -3.258413699e-07 0 1 4276b.dat
1 71 -10.25283813 7.673417568 -40.00012589 0.9994800091 -0.03224204108 3.256719481e-07 0.03224265948 0.9994800687 1.050599252e-08 -3.258413699e-07 0 1 4276b.dat
1 71 -10.25311184 7.673800945 -0.0001874764566 0.9994800091 -0.03224201873 3.256719481e-07 0.03224260733 0.9994799495 1.050597565e-08 -3.258413699e-07 0 1 4276b.dat
1 71 -10.2527771 7.673493862 40.00004959 0.9994799495 -0.03224204108 3.256719197e-07 0.03224268928 0.9994800687 1.050600229e-08 -3.258413699e-07 0 1 4276b.dat
1 71 -76.86351776 -98.52864075 39.99988937 0.9994800687 -0.03224256635 0 0.03224284202 0.9994800687 0 0 0 1 3666.dat
1 71 -150.1800842 3.159555912 -60.00001907 -0.9994800687 -0.03224212304 -3.256719481e-07 -0.03224258497 0.9994800687 -1.050596765e-08 3.258413699e-07 0 -1 4275b.dat
1 71 -150.1800995 3.159555912 -39.99992752 -0.9994800687 -0.03224212304 -3.256719481e-07 -0.03224258497 0.9994800687 -1.050596765e-08 3.258413699e-07 0 -1 4275b.dat
1 4 -149.6641693 -12.83217335 -80.00007629 -0.9994800687 -0.03224206343 0 -0.03224277124 0.9994800687 0 0 0 -1 3794b.dat
1 71 -159.9169159 -5.15873003 -80.00005341 0 -0.03224216029 0.9994800687 0 0.9994800687 0.03224281594 -1 0 0 3024.dat
1 71 -150.1798706 3.159367323 -79.99999237 -0.9994800687 -0.03224221244 -3.256719481e-07 -0.03224270418 0.9994800687 -1.050600673e-08 3.258413699e-07 0 -1 4275b.dat
1 4 -149.6643829 -12.83201408 -60.00011063 -0.9994800687 -0.03224211931 0 -0.03224279732 0.9994800687 0 0 0 -1 3794b.dat
1 4 -149.6643829 -12.83220482 -39.99991608 -0.9994800687 -0.03224211931 0 -0.03224273026 0.9994800687 0 0 0 -1 3794b.dat
1 4 -149.6643829 -12.83201599 -20.00001717 -0.9994800687 -0.03224211931 0 -0.03224279732 0.9994800687 0 0 0 -1 3794b.dat
1 4 -149.6643829 -12.83220959 0.0001311302185 -0.9994800687 -0.03224211931 0 -0.03224273026 0.9994800687 0 0 0 -1 3794b.dat
1 4 -149.6642609 -12.83201885 20.00000381 -0.9994800687 -0.03224211931 0 -0.03224279732 0.9994800687 0 0 0 -1 3794b.dat
1 4 -149.6644135 -12.83201885 40.00007629 -0.9994800687 -0.03224211931 0 -0.03224268928 0.9994800687 0 0 0 -1 3794b.dat
1 71 -159.9172058 -5.158576965 -10.00002003 0 -0.03224211931 0.9994800687 0 0.9994800687 0.03224268928 -1 0 0 3666.dat
1 71 -150.1800995 3.159552813 40.00004196 -0.9994800687 -0.03224214911 -3.256719481e-07 -0.03224258497 0.9994800687 -1.050596765e-08 3.258413699e-07 0 -1 4275b.dat


