0 FILE YokeFoot.lxf
1 4 -34.85686493 -96.61714172 74.73999786 0 0.4957209229 0.8684819937 0 0.8684818745 -0.4957208335 -1 0 0 3938.dat
1 4 -64.87711334 -88.69335938 34.74002457 0.8684819937 0.4957209229 0 -0.4957208335 0.8684818745 0 0 0 1 3036.dat
1 4 -34.85691071 -96.61711884 34.74001312 0 0.4957209229 0.8684820533 0 0.8684818745 -0.4957206845 -1 0 0 3938.dat
1 4 -34.85691452 -96.61712646 -5.259988308 0 0.4957210124 0.8684820533 0 0.8684819937 -0.4957207143 -1 0 0 3938.dat
1 4 -121.7051544 -47.04504776 34.74002457 0 0.4957208633 -0.8684819937 0 0.8684818745 0.4957208335 1 0 0 3666.dat
1 4 -0.1176077873 -116.4459457 34.73997879 0 0.4957209229 -0.8684819937 0 0.8684818745 0.4957208335 1 0 0 3666.dat
1 4 -118.934967 -24.55484581 34.74004745 0 0.01538977865 0.9998816252 0 0.9998816252 -0.01538976841 -1 0 0 44237.dat
1 4 -89.30786896 -49.01369476 -5.260071754 0 0.01538977865 0.9998816252 0 0.9998816252 -0.01538976841 -1 0 0 3298.dat
1 4 -49.68187332 -73.62631989 -5.259958744 0 0.01538977865 0.9998816252 0 0.9998816252 -0.01538976841 -1 0 0 3298.dat
1 4 -89.30786896 -49.01369858 74.74004364 0 0.01538977865 0.9998816252 0 0.9998816252 -0.01538976841 -1 0 0 3298.dat
1 4 -49.68167496 -73.62633514 74.73999023 0 0.01538977865 0.9998816252 0 0.9998816252 -0.01538976841 -1 0 0 3298.dat
1 4 -89.30778503 -49.01370239 34.74002838 0 0.01538977865 0.9998816252 0 0.9998816252 -0.01538976841 -1 0 0 3298.dat
1 4 -49.68168259 -73.62633514 34.74000549 0 0.01538977865 0.9998816252 0 0.9998816252 -0.01538976841 -1 0 0 3298.dat
1 4 -69.30995941 -49.32138062 34.73999023 0 0.01538977865 0.9998816252 0 0.9998816252 -0.01538976841 -1 0 0 3009.dat
1 4 -29.68425369 -73.93401337 34.74000168 0 0.01538977865 0.9998816252 0 0.9998816252 -0.01538976841 -1 0 0 3009.dat
1 4 -30.05358315 -97.9311676 74.73999023 0 0.01538977865 0.9998816252 0 0.9998816252 -0.01538976841 -1 0 0 3937.dat
1 4 -30.05361176 -97.9311676 34.74000549 0 0.01538977865 0.9998816252 0 0.9998816252 -0.01538976841 -1 0 0 3937.dat
1 4 -30.05363083 -97.9311676 -5.259994507 0 0.01538977865 0.9998816252 0 0.9998816252 -0.01538976841 -1 0 0 3937.dat
1 4 -19.31608391 -50.09074783 -5.259998798 0.9998816252 0.01538977865 0 -0.01538976841 0.9998816252 0 0 0 1 3001.dat
1 4 9.941486359 -98.54667664 74.73999023 0 0.01538977865 -0.9998816252 0 0.9998816252 0.01538976841 1 0 0 3039.dat
1 4 9.818347931 -106.545723 34.73999405 0 0.01538977865 -0.9998816252 0 0.9998816252 0.01538976841 1 0 0 6636.dat
1 4 9.941516876 -98.54666901 34.73996353 0 0.01538977865 -0.9998816252 0 0.9998816252 0.01538976841 1 0 0 3039.dat
1 4 9.941516876 -98.54667664 -5.260046482 0 0.01538977865 -0.9998816252 0 0.9998816252 0.01538976841 1 0 0 3039.dat
1 4 30.30846977 -74.85733032 4.739935875 0 0.01538977865 -0.9998816252 0 0.9998816252 0.01538976841 1 0 0 3038.dat
1 4 40.676548 -51.01406479 34.73993683 0 0.01538977865 0.9998816252 0 0.9998816252 -0.01538976841 -1 0 0 44237.dat
1 4 30.30846977 -74.85731506 64.73997498 0 0.01538977865 -0.9998816252 0 0.9998816252 0.01538976841 1 0 0 3038.dat
1 4 0.3120109439 -74.39562225 4.739959717 0 0.01538977865 -0.9998816252 0 0.9998816252 0.01538976841 1 0 0 3002.dat
1 4 -10.05593586 -98.23885345 34.73999023 0 0.01538977865 -0.9998816252 0 0.9998816252 0.01538976841 1 0 0 3009.dat
1 4 0.3122493625 -74.39559937 64.73997498 0 0.01538977865 -0.9998816252 0 0.9998816252 0.01538976841 1 0 0 3002.dat
1 4 -19.31588364 -50.09086609 34.74000549 0.9998816252 0.01538977865 0 -0.01538976841 0.9998816252 0 0 0 1 3001.dat
1 4 -19.31587791 -50.09086609 74.73999023 0.9998816252 0.01538977865 0 -0.01538976841 0.9998816252 0 0 0 1 3001.dat
1 4 -18.94680214 -26.09382057 74.74005127 0.9998816252 0.01538977865 0 -0.01538976841 0.9998816252 0 0 0 1 3007.dat
1 4 -18.94672012 -26.0938282 34.74002838 0.9998816252 0.01538977865 0 -0.01538976841 0.9998816252 0 0 0 1 3007.dat
1 4 -18.94651604 -26.09370613 -5.260010719 0.9998816252 0.01538977865 0 -0.01538976841 0.9998816252 0 0 0 1 3007.dat
1 16 0 0 0 1 0 0 0 1 0 0 0 1 YokeFoot.lxf_0

0 FILE YokeFoot.lxf_0


