1 15 -460.4954224 34.27067566 -711.3703613 -1 0 0 0 0.3826857805 -0.9238785505 0 -0.9238785505 -0.3826857805 3069b.dat
1 72 -480.4950256 -67.08470917 -623.4645386 -1 0 0 0 0.3826854825 -0.9238786697 0 -0.9238786697 -0.3826854825 3069b.dat
1 72 -480.5003662 -36.30591583 -619.376709 0 0 -1 0.9238786101 0.3826856017 0 0.3826856613 -0.9238781929 0 87081.dat
1 72 -510.5005188 -39.36241531 -611.9822388 0 0 1 -0.9238784313 0.3826853037 0 -0.3826855123 -0.9238783121 0 3069b.dat
1 72 -450.5006714 -39.36377716 -611.9812622 0 0 1 -0.9238784313 0.3826855421 0 -0.3826855123 -0.9238780737 0 3069b.dat
1 72 -480.4950256 -11.65135384 -600.5040894 -1 0 0 0 0.3826856017 -0.9238784313 0 -0.9238781929 -0.3826855123 3069b.dat
1 72 -480.5005493 -27.12266731 -641.5480347 0 0 -1 0.9238787889 0.3826856911 0 0.3826858401 -0.9238787293 0 87081.dat
1 72 -480.5007935 -17.93806458 -663.7216187 0 0 -1 0.9238788486 0.3826856911 0 0.3826862276 -0.9238787293 0 87081.dat
1 15 -490.5009155 -17.99282646 -689.7216187 0 0 1.000000119 -0.9238799214 0.3826860487 0 -0.3826871514 -0.923879087 0 85080.dat
1 15 -490.500824 0.486177206 -682.0667725 -1 0 0 0 0.3826854229 -0.9238788486 0 -0.9238782525 -0.3826862574 85080.dat
1 15 -490.5009155 -8.809412003 -711.8946533 0 0 1.000000119 -0.9238790274 0.3826856613 0 -0.382686466 -0.9238787293 0 85080.dat
1 15 -490.500824 9.669822693 -704.2401123 -1 0 0 0 0.3826854527 -0.9238790274 0 -0.9238782525 -0.382686466 85080.dat
1 15 -450.5010986 9.615164757 -730.2408447 0 0 1 -0.9238794446 0.3826855719 0 -0.3826864064 -0.9238781333 0 4855.dat
1 15 -460.4955139 -21.16202354 -734.3302002 -1 0 0 0 0.3826857805 -0.9238785505 0 -0.9238785505 -0.3826857805 3069b.dat
1 15 -480.5002136 -23.13238335 -572.7861938 0 -1 0 -0.3826839924 0 -0.9238793254 0.9238793254 0 -0.3826839924 3623.dat
1 15 -472.5002441 -23.13238144 -572.7861938 0 -1 0 -0.3826837838 0 -0.9238796234 0.9238795638 0 -0.3826844394 3623.dat
1 15 -448.5002441 -19.30509758 -582.0248413 0 -1 0 -0.382684052 0 -0.9238796234 0.9238798022 0 -0.382684499 3004.dat
1 0 -409.9997559 -81.46740723 -510.3614807 0.999999702 8.940694585e-8 0 3.421120809e-8 0.923892796 -0.382645756 -8.260262518e-8 0.3826455772 0.9238947034 32013.dat
1 0 -409.9997864 -47.02940369 -593.5120239 3.13916388e-7 0 0.9999997616 -0.382646054 -0.9238932729 1.201188979e-7 0.9238948822 -0.3826457262 -2.900258096e-7 3707.dat
1 71 -410.0002747 -27.90548515 -639.7028198 0.9999995828 5.960462346e-8 2.304045523e-7 -1.432477177e-7 -0.9238604903 0.3827236295 1.90049974e-7 -0.3827235103 -0.92386204 6590.dat
1 0 -409.9997864 -16.41544914 -667.4226074 0.9999997616 0 0 0 0.9238775373 -0.3826839924 0 0.3826837242 0.9238793254 59443.dat
1 0 -409.9997864 6.543216228 -722.8562622 0 0.9999997616 0 -0.3826453686 0 0.9238929749 0.923894465 0 0.382645309 3706.dat
1 0 -409.9998474 33.32925034 -787.5283203 -0.999999702 -8.940694585e-8 0 -3.421457251e-8 0.9238779545 0.3826835752 8.260119699e-8 0.382683605 -0.9238786101 32013.dat
1 71 -410.0002747 -35.5598793 -621.2258911 0.9999995828 5.960462346e-8 2.304045523e-7 -1.432477177e-7 -0.9238603711 0.3827236295 1.90049974e-7 -0.3827234805 -0.92386204 6590.dat
1 71 -400.4998169 -66.16120911 -547.3171997 0 -0.9999997616 0 -0.9238781929 0 0.3826837838 -0.3826835454 0 -0.9238797426 32064a.dat
1 72 -424.5002747 -54.67585754 -575.0281372 0 -0.9999998808 0 -0.9238789678 0 0.3826841116 -0.3826843202 0 -0.9238791466 87081.dat
1 72 -400.5003052 -26.95921898 -563.5470581 0 -0.9999998808 0 0.3826841116 0 0.9238794446 -0.9238791466 0 0.3826842606 3004.dat
1 15 -448.5002441 -49.26389694 -561.9624634 0 -0.9999998808 0 -0.3826841712 0 -0.9238783717 0.9238792658 0 -0.3826840222 85080.dat
1 15 -448.5002441 -67.74188232 -569.6168213 0 -0.9999998808 0 -0.9238783121 0 0.3826837242 -0.382684052 0 -0.9238786101 85080.dat
1 72 -400.5003052 -82.39230347 -586.5080566 0 -0.9999998808 0 0.3826838732 0 0.9238790274 -0.9238785505 0 0.382684201 3004.dat
1 71 -400.4996338 -50.8539505 -584.2724609 0 -0.9999997616 0 -0.9238781929 0 0.3826836944 -0.3826835155 0 -0.9238794446 32064a.dat
1 0 -471.4999084 6.542459011 -722.8546143 3.139164448e-7 0 0.9999998808 0.9238783717 -0.3826847374 -2.900206368e-7 0.3826840222 0.9238781929 -1.201308208e-7 30553.dat
1 0 -451.4998779 6.542468071 -722.8546143 -1 0 3.139164733e-7 -2.900206084e-7 0.3826848567 -0.9238782525 -1.201307356e-7 -0.9238789678 -0.382683754 32062.dat
1 72 -443.4996948 6.542207241 -722.8557739 0 0.9999997616 0 -0.3826841712 0 0.9238771796 0.9238784313 0 0.3826841116 4032a.dat
1 71 -435.4997559 6.54199791 -722.8552246 0 0.9999997616 0 -0.3826841712 0 0.9238771796 0.9238784313 0 0.3826840818 60474.dat
1 71 -427.4997559 6.542254448 -722.855835 0 0.9999997616 0 -0.3826841712 0 0.9238771796 0.9238784313 0 0.3826841116 60474.dat
1 72 -419.4999695 34.25839996 -711.3756714 0 0.9999997616 0 0.3826843798 0 -0.9238775373 -0.9238778353 0 -0.3826841712 3004.dat
1 72 -419.4999695 -21.17420197 -734.3366089 0 0.9999997616 0 0.3826843798 0 -0.9238775373 -0.9238783121 0 -0.3826841712 3004.dat
1 71 -419.4997864 18.02311897 -750.5727539 0 0.9999997616 0 0.9238771796 0 0.3826840818 0.3826841116 0 -0.9238784313 32064a.dat
1 71 -419.4997864 2.715504169 -713.6174927 0 0.9999997616 0 0.9238773584 0 0.3826844692 0.3826841712 0 -0.9238788486 32064a.dat
1 71 -400.4996338 -58.50840378 -565.795105 0 -0.9999997616 0 -0.9238781929 0 0.3826836348 -0.3826835155 0 -0.9238795042 32064a.dat
1 71 -419.4997864 10.36918736 -732.0950317 0 0.9999997616 0 0.9238773584 0 0.3826844692 0.3826841712 0 -0.9238788486 32064a.dat
1 15 -480.5002136 -66.15631866 -547.3126831 0 -0.9999998808 0 0.9238790274 0 -0.3826838434 0.382683903 0 0.9238792062 3023.dat
1 15 -472.5002441 -66.15653229 -547.3121338 0 -0.9999998808 0 0.923879385 0 -0.3826837242 0.3826842904 0 0.9238792658 3023.dat
1 15 -488.5002136 -43.19471359 -602.7453613 0 -0.9999998808 0 -0.9238793254 0 0.3826840222 -0.3826841712 0 -0.9238796234 4855.dat
1 15 -480.5002136 -78.56545258 -595.7478027 0 -0.9999998808 0 -0.3826840222 0 -0.9238786101 0.9238793254 0 -0.3826840222 3623.dat
1 15 -472.5002441 -78.56575012 -595.7479248 0 -0.9999998808 0 -0.3826841712 0 -0.9238788486 0.923879683 0 -0.382684052 3623.dat
1 15 -448.5002441 -74.73924255 -604.9858398 0 -0.9999998808 0 -0.3826841712 0 -0.9238788486 0.923879385 0 -0.382684052 3004.dat
1 0 -480.5001221 -50.84896088 -584.2672119 0 0.9999997616 0 0.9238790274 0 0.3826839924 0.382683903 0 -0.9238789082 30552.dat
1 0 -480.5001221 -23.29450607 -650.7866211 -3.139164448e-7 0 -0.9999998808 -0.3826854825 0.9238782525 1.201312756e-7 0.9238779545 0.3826857209 -2.900205232e-7 3706.dat
1 0 -481.5 2.715775013 -713.6147461 0 1 0 -0.9238795042 0 -0.382684201 -0.3826842308 0 0.9238792658 30552.dat
1 0 -470.5003357 -54.67566299 -575.0285645 3.139164733e-7 0 1 -0.9238787293 0.3826847076 2.900207505e-7 -0.3826846182 -0.9238790274 1.201310056e-7 30553.dat
1 0 -450.5003052 -54.67625427 -575.0280762 -0.9999998808 0 3.139164448e-7 2.900206084e-7 -0.3826845288 0.9238783121 1.201310056e-7 0.9238786697 0.3826846182 32062.dat
1 15 -475.5003967 26.60499001 -692.8966675 0 1 0 -0.3826853335 0 0.9238787293 0.9238787293 0 0.3826853335 3023.dat
1 15 -467.5003967 26.60368729 -692.8971558 0 1 0 -0.3826852143 0 0.9238787293 0.9238783717 0 0.3826853335 3023.dat
1 15 -459.5003967 26.60501099 -692.8966675 0 1 0 -0.3826852739 0 0.9238785505 0.9238783121 0 0.3826852441 3004.dat
1 15 -475.5004883 -28.82761383 -715.8564453 0 1 0 -0.3826855123 0 0.9238786697 0.9238786697 0 0.3826855123 3023.dat
1 15 -467.5004883 -28.82761002 -715.8564453 0 1 0 -0.3826853037 0 0.9238786697 0.9238782525 0 0.3826855123 3023.dat
1 15 -459.5004883 -28.82761383 -715.8564453 0 1 0 -0.3826856017 0 0.9238784313 0.9238781333 0 0.3826852441 3004.dat
1 0 -410.0000305 -51.13048553 -714.2720947 -1 0 3.139164733e-7 2.900260085e-7 -0.3826449215 0.9238954782 1.201185427e-7 0.9238954782 0.3826449215 30553.dat
1 0 -410.0000305 -32.65275192 -706.6191406 -3.139164733e-7 0 -1 0.9238954186 0.3826449215 -2.900259801e-7 0.3826451302 -0.923895061 -1.201186137e-7 32062.dat
1 0 -410.0000305 -4.935941219 -695.1396484 0 1.000000238 0 0.3826447427 0 -0.9238955379 -0.9238960147 0 -0.3826447725 32034.dat
1 0 -410.0000305 22.78091049 -683.6603394 0 -1 0 0.923895359 0 -0.3826452494 0.3826452494 0 0.9238951802 32062.dat
1 0 -410.0000305 41.2588501 -676.0073853 1.000000119 0 -3.139165017e-7 -2.900258096e-7 -0.3826453686 -0.9238948822 -1.201186848e-7 0.9238957763 -0.3826453686 30553.dat
1 0 -410.0000305 -109.8672409 -767.5960083 0 -1 0 -0.7071046233 0 0.7071089745 -0.7071089745 0 -0.7071046233 3706.dat
1 0 -410 -67.43999481 -725.170166 1 0 -3.139164733e-7 -2.219718596e-7 -0.7071086764 -0.7071048617 -2.219730391e-7 0.7071048021 -0.7071086168 30552.dat
1 0 -410.0000305 -156.3017883 -814.0343628 -1 0 3.139164733e-7 2.21971888e-7 -0.7071090341 0.7071049213 2.219730248e-7 0.7071049213 0.7071085572 30552.dat
1 0 -410.0001221 -205.4729767 -922.7335205 -1 0 3.139164733e-7 1.201434117e-7 -0.9238626957 0.3827241361 2.900157199e-7 0.3827241361 0.9238626957 30553.dat
1 0 -410.0001221 -197.8187866 -904.2562256 -3.139164733e-7 0 -1 0.3827238977 0.9238625169 -1.201433406e-7 0.9238626361 -0.3827239275 -2.900156915e-7 32062.dat
1 0 -409.999939 -186.3375854 -876.5393066 0 1 0 -0.9238791466 0 0.3826866448 0.3826866448 0 0.9238786697 32034.dat
1 0 -410.0000916 -174.854248 -848.8210449 0 -0.9999998808 0 0.3827197254 0 -0.9238646626 0.9238649607 0 0.3827194273 32062.dat
1 0 -410.0000916 -167.1998901 -830.343811 1 0 -3.139164733e-7 -1.201418343e-7 -0.9238650799 -0.3827191293 -2.900163167e-7 0.3827195466 -0.923864603 30553.dat
1 0 -410.0001221 -209.2981567 -1067.643433 -1 0 3.139164733e-7 0 -1 0 3.139164733e-7 0 1 30552.dat
1 0 -410.0001221 -209.3002777 -1001.972107 0 -1 0 3.139164448e-7 0 0.9999998808 -1 0 3.139164733e-7 3706.dat
1 0 -410.0000916 -209.3003082 -941.972168 1 0 -3.139164733e-7 0 -0.9999998808 0 -3.139164733e-7 0 -1 30552.dat
1 15 -370.0001221 -226.8002319 -1001.971985 0 0 -1 0 0.9999998808 0 1 0 0 3033.dat
1 71 -410.0001221 -218.8002625 -1031.972168 1 0 0 0 0.9999998808 0 0 0 1 32064a.dat
1 15 -450.000061 -194.8002777 -1001.972168 1 0 0 0 0.9999998808 0 0 0 1 3958.dat
1 71 -410.0000916 -218.8002777 -1011.972046 1 0 0 0 0.9999998808 0 0 0 1 32064a.dat
1 71 -410.0000916 -218.8002777 -991.972168 1 0 0 0 0.9999998808 0 0 0 1 32064a.dat
1 71 -410.0000916 -218.8002777 -971.9721069 1 0 0 0 0.9999998808 0 0 0 1 32064a.dat
1 0 -410.0001221 -205.4717102 -1086.882324 1 0 -3.139164733e-7 1.201187416e-7 -0.9238952398 0.3826455474 -2.900259233e-7 -0.3826455474 -0.9238952398 30553.dat
1 0 -410.0001221 -197.8190155 -1105.360229 0 -1 0 -0.3826454282 0 -0.9238952994 0.9238957763 0 -0.3826453984 32062.dat
1 0 -410.0001831 -186.3376617 -1133.076416 0 1.000000119 0 -0.9238808155 0 -0.3826833069 -0.3826832771 0 0.9238802195 32034.dat
1 0 -410 -174.8476715 -1160.77832 0 1 0 0.3826427162 0 -0.9238958955 -0.9238968492 0 -0.3826427758 32062.dat
1 0 -410 -167.1947632 -1179.256226 -1 0 3.139164733e-7 -1.201177326e-7 -0.9238963127 -0.3826423287 2.900263496e-7 -0.382642895 0.9238965511 30553.dat
1 0 -410.0000305 -109.8670959 -1242.008423 0 1 0 -0.7070459723 0 0.7071675658 0.7071675658 0 0.7070459723 3706.dat
1 0 -410.0000305 -156.2980347 -1195.566284 1 0 -3.139164733e-7 2.219535844e-7 -0.707167685 0.707046628 -2.2199157e-7 -0.7070462108 -0.7071676254 30552.dat
1 0 -410.0000916 -67.44451904 -1284.438599 -1 0 3.139164733e-7 -2.219535276e-7 -0.7071672678 -0.7070464492 2.219913569e-7 -0.7070461512 0.7071669698 30552.dat
1 15 -370.0002136 -126.4845963 -1250.138916 0 0 -1 -0.7070465088 0.7071678042 0 0.7071677446 0.7070460916 0 3033.dat
1 71 -410.0001831 -142.0388336 -1223.267212 1 0 0 0 0.707167387 -0.70704633 0 0.707046032 0.7071675658 32064a.dat
1 15 -450.0000916 -103.8550949 -1227.513428 1 0 0 0 0.7071675062 -0.7070464492 0 0.7070459127 0.7071678042 3958.dat
1 71 -410.0001831 -127.8984756 -1237.410767 1 0 0 0 0.7071678042 -0.7070465088 0 0.7070460916 0.7071677446 32064a.dat
1 71 -410.0001831 -113.7570038 -1251.553955 1 0 0 0 0.7071678042 -0.7070465088 0 0.7070460916 0.7071677446 32064a.dat
1 71 -410.0001831 -99.61657715 -1265.697266 1 0 0 0 0.7071678042 -0.7070465088 0 0.7070460916 0.7071677446 32064a.dat
1 0 -410.0002441 -51.13493729 -1295.337524 1 0 -3.139164733e-7 2.900160325e-7 -0.3827215731 0.923863709 -1.201426016e-7 -0.923863709 -0.3827215731 30553.dat
1 0 -410.0002441 -32.65782166 -1302.992432 3.139164733e-7 0 1 0.9238634706 0.3827215433 -2.900159757e-7 -0.3827217817 0.9238632917 1.201426727e-7 32062.dat
1 0 -410.0002441 -4.941847801 -1314.473877 0 1.000000238 0 -0.3827222288 0 -0.923863709 -0.9238629937 0 0.3827226162 32034.dat
1 0 -410.0002441 22.77510643 -1325.957153 0 1 0 0.9238958955 0 -0.3826445639 -0.3826449513 0 -0.9238951802 32062.dat
1 0 -410.0002441 41.25310135 -1333.610229 -1.000000119 0 3.139165017e-7 -2.900259517e-7 -0.3826447129 -0.9238952994 1.201185711e-7 -0.9238955379 0.3826450109 30553.dat
1 15 -472.5002441 -78.592659 -1413.855591 0 -1 0 -0.3826839626 0 0.9238793254 -0.9238793254 0 -0.3826839626 3623.dat
1 15 -480.5002136 -78.59265137 -1413.855591 0 -1 0 -0.3826836646 0 0.9238789082 -0.923879385 0 -0.3826841414 3623.dat
1 15 -448.5002441 -74.76631165 -1404.616577 0 -1 0 -0.3826840222 0 0.923879683 -0.9238797426 0 -0.382684052 3004.dat
1 0 -410.0002747 -81.48415375 -1499.247314 0.999999702 8.940694585e-8 0 3.421793693e-8 -0.923861444 -0.3827212155 8.259981144e-8 0.3827211857 -0.9238631129 32013.dat
1 0 -409.999939 -47.03987503 -1416.099487 3.13916388e-7 0 0.9999997616 -0.3827213645 0.923861742 1.201425448e-7 -0.9238636494 -0.3827212453 2.900160325e-7 3707.dat
1 71 -410.0005188 -27.90010262 -1369.901489 -0.9999995828 -5.960462346e-8 -2.304045523e-7 -1.432475756e-7 -0.9238606095 0.3827229738 -1.900500166e-7 0.382722944 0.92386204 6590.dat
1 71 -410.0005188 -35.55427933 -1388.378296 -0.9999995828 -5.960462346e-8 -2.304045523e-7 -1.432475756e-7 -0.9238604903 0.3827229738 -1.900500166e-7 0.3827229142 0.92386204 6590.dat
1 0 -409.9997559 -16.42367554 -1342.189453 0.9999997616 0 0 0 -0.9238783121 -0.3826837242 0 0.3826836944 -0.923879385 59443.dat
1 0 -410.0000305 6.539703846 -1286.757813 0 0.9999997616 0 -0.3827217221 0 -0.9238612056 -0.9238629937 0 0.3827213943 3706.dat
1 0 -409.9999084 33.32906342 -1222.086914 -0.999999702 -8.940694585e-8 0 -3.421457606e-8 -0.9238773584 0.3826834261 -8.260124673e-8 0.3826833665 0.9238793254 32013.dat
1 71 -400.5001526 -66.17615509 -1462.292236 0 -0.9999997616 0 0.923877418 0 0.3826839924 -0.3826839626 0 0.923879385 32064a.dat
1 72 -424.5003357 -54.70269775 -1434.574829 0 -0.9999998808 0 0.9238785505 0 0.3826835454 -0.3826834857 0 0.9238793254 87081.dat
1 15 -448.5002441 -67.76844788 -1439.986694 0 -0.9999998808 0 -0.3826836646 0 0.9238783121 -0.9238795638 0 -0.3826834559 85080.dat
1 15 -448.5003052 -49.29024124 -1447.640381 0 -0.9999998808 0 0.9238784313 0 0.3826834857 -0.3826834261 0 0.923879087 85080.dat
1 72 -400.5003357 -26.98676872 -1446.055786 0 -0.9999998808 0 0.3826833665 0 -0.9238784313 0.9238791466 0 0.3826834559 3004.dat
1 72 -400.5003357 -82.41973877 -1423.094482 0 -0.9999998808 0 0.382683605 0 -0.9238784313 0.9238794446 0 0.3826834559 3004.dat
1 71 -400.5001526 -58.52173615 -1443.814575 0 -0.9999997616 0 0.9238776565 0 0.3826839924 -0.3826840818 0 0.9238795638 32064a.dat
1 71 -400.5001526 -50.86894226 -1425.336792 0 -0.9999997616 0 0.9238777161 0 0.3826839924 -0.3826839924 0 0.923879385 32064a.dat
1 71 -427.4998169 6.539736748 -1286.757568 0 0.9999997616 0 -0.3826828599 0 -0.9238780737 -0.9238795042 0 0.3826827407 60474.dat
1 72 -419.500061 -21.17605209 -1275.2771 0 0.9999997616 0 0.3826823533 0 0.9238786697 0.9238789082 0 -0.3826823235 3004.dat
1 71 -435.4998169 6.539776802 -1286.758179 0 0.9999997616 0 -0.3826828599 0 -0.9238781929 -0.9238795042 0 0.3826825321 60474.dat
1 72 -443.4998169 6.540050983 -1286.757935 0 0.9999997616 0 -0.3826828599 0 -0.9238780737 -0.9238795042 0 0.3826827407 4032a.dat
1 0 -451.5 6.53896904 -1286.758301 -1 0 3.139164733e-7 2.900206937e-7 0.3826827705 0.9238785505 -1.201306361e-7 0.9238803387 -0.3826834559 32062.dat
1 0 -471.5 6.5389781 -1286.758301 3.139164448e-7 0 0.9999998808 -0.9238786101 -0.3826825023 2.900207221e-7 0.382683605 -0.923879683 -1.201306929e-7 30553.dat
1 72 -419.500061 34.25651169 -1298.238037 0 0.9999997616 0 0.3826827407 0 0.9238786697 0.9238795638 0 -0.3826823235 3004.dat
1 71 -419.4998779 2.713446379 -1295.996826 0 0.9999997616 0 -0.9238780737 0 0.3826830089 0.3826827705 0 0.9238794446 32064a.dat
1 71 -419.4998779 10.36650658 -1277.518799 0 0.9999997616 0 -0.9238778949 0 0.3826829195 0.3826827705 0 0.9238795638 32064a.dat
1 71 -419.4998779 18.02035332 -1259.041504 0 0.9999997616 0 -0.9238781333 0 0.3826830387 0.3826828599 0 0.9238795042 32064a.dat
1 15 -472.5002747 -66.18286896 -1462.291016 0 -0.9999998808 0 -0.9238789678 0 -0.3826837838 0.3826839626 0 -0.9238791466 3023.dat
1 15 -480.5002747 -66.18266296 -1462.290527 0 -0.9999998808 0 -0.9238785505 0 -0.3826836646 0.3826837242 0 -0.9238794446 3023.dat
1 15 -488.5002136 -43.2220459 -1406.856201 0 -0.9999998808 0 0.9238792062 0 0.3826839626 -0.382683754 0 0.923879683 4855.dat
1 15 -472.5002441 -23.15903664 -1436.816528 0 -0.9999998808 0 -0.3826837838 0 0.9238784909 -0.923879683 0 -0.3826836348 3623.dat
1 15 -480.5002136 -23.15931892 -1436.816406 0 -0.9999998808 0 -0.3826836348 0 0.9238784909 -0.9238793254 0 -0.3826836646 3623.dat
1 15 -448.5002441 -19.33251381 -1427.578491 0 -0.9999998808 0 -0.3826835454 0 0.9238786101 -0.923879385 0 -0.3826836646 3004.dat
1 0 -480.5002136 -50.87552643 -1425.335571 0 0.9999997616 0 -0.9238785505 0 0.3826833367 0.3826838434 0 0.9238791466 30552.dat
1 0 -480.5002136 -23.32279968 -1358.815308 -3.139164448e-7 0 -0.9999998808 -0.3826815784 -0.9238793254 1.201300535e-7 -0.9238794446 0.3826820254 2.900209779e-7 3706.dat
1 0 -481.4999084 2.711080074 -1295.997437 0 1 0 0.9238790274 0 -0.3826834261 -0.3826838732 0 -0.9238796234 30552.dat
1 0 -450.5003967 -54.70279312 -1434.575317 -0.9999998808 0 3.139164448e-7 -2.900207789e-7 -0.3826828301 -0.9238788486 1.201305224e-7 -0.923879385 0.3826830983 32062.dat
1 0 -470.5004272 -54.70286179 -1434.575562 3.139164733e-7 0 1 0.9238791466 0.3826829493 -2.900208926e-7 -0.3826833367 0.9238798022 1.201306077e-7 30553.dat
1 15 -459.5004883 26.60091591 -1316.716797 0 1 0 -0.3826829195 0 -0.9238797426 -0.9238797426 0 0.3826829195 3004.dat
1 15 -467.5004883 26.60083199 -1316.716797 0 1 0 -0.3826831877 0 -0.9238802195 -0.9238796234 0 0.3826829493 3023.dat
1 15 -475.5004883 26.60083199 -1316.716797 0 1 0 -0.3826833665 0 -0.9238802195 -0.9238800406 0 0.3826829493 3023.dat

0 STEP

1 0 53.99970245 33.32923126 -1222.087524 1 0 -3.139164733e-7 0 1 0 3.139164733e-7 0 1 3707.dat
1 0 -26.00030327 33.32923126 -1222.087402 0 0 -1 0 1 0 1 0 0 59443.dat
1 0 133.9996948 33.32923126 -1222.087524 0 0 -1 0 1 0 1 0 0 59443.dat
1 0 -106.0002823 33.32923126 -1222.087402 1 0 -3.139164733e-7 0 1 0 3.139164733e-7 0 1 3707.dat
1 0 213.9996948 33.32923126 -1222.087524 1 0 -3.139164733e-7 0 1 0 3.139164733e-7 0 1 3707.dat
1 0 -186.0003052 33.32923126 -1222.087402 0 0 -1 0 1 0 1 0 0 59443.dat
1 0 -266.0002747 33.32923126 -1222.087402 1 0 -3.139164733e-7 0 1 0 3.139164733e-7 0 1 3707.dat
1 0 -346.0003052 33.32923508 -1222.08728 0 0 -1 0 1 0 1 0 0 59443.dat
1 0 -426.0002747 33.32923508 -1222.08728 1 0 -3.139164733e-7 0 1 0 3.139164733e-7 0 1 3707.dat

0 STEP

1 0 293.9996643 33.32923126 -1222.087524 0 0 -1 0 1 0 1 0 0 59443.dat
1 0 373.9996338 33.32923126 -1222.087524 1 0 -3.139164733e-7 0 1 0 3.139164733e-7 0 1 3707.dat
1 0 453.9996948 33.32923126 -1222.087524 0 0 -1 0 1 0 1 0 0 59443.dat
1 0 533.9997559 33.32922745 -1222.087646 1 0 -3.139164733e-7 0 1 0 3.139164733e-7 0 1 3707.dat
1 15 548.4993896 26.58651543 -1316.708496 0 1 0 0.3826840222 0 0.9238792658 0.9238792658 0 -0.3826840222 3004.dat
1 15 572.4993896 30.41328239 -1307.470459 0 1 0 0.3826838732 0 0.9238792658 0.9238791466 0 -0.3826840818 3623.dat
1 15 580.4993896 30.41340446 -1307.470703 0 1 0 0.3826838434 0 0.9238793254 0.9238791466 0 -0.3826842308 3623.dat
1 72 519.4998169 -82.41096497 -1423.095825 0 -0.9999998808 0 -0.3826844096 0 0.9238781929 -0.9238780141 0 -0.3826845884 3004.dat
1 71 527.4996338 -54.69512939 -1434.576172 0 -0.9999998808 0 0.3826844096 0 -0.9238780141 0.9238784909 0 0.3826841712 60474.dat
1 72 519.4998169 -26.97853661 -1446.056519 0 -0.9999998808 0 -0.3826846778 0 0.9238781929 -0.9238783717 0 -0.3826845288 3004.dat
1 71 535.4994507 -54.69509506 -1434.575806 0 -0.9999998808 0 0.3826844096 0 -0.9238779545 0.9238784909 0 0.3826841116 60474.dat
1 72 543.4996338 -54.69535065 -1434.575928 0 -0.9999998808 0 0.3826844096 0 -0.9238780141 0.9238784909 0 0.3826841712 4032a.dat
1 0 551.4996948 -54.69566727 -1434.575439 1.000000119 0 -3.139165017e-7 2.900208074e-7 -0.3826850355 0.9238789082 -1.201308351e-7 -0.9238792658 -0.3826840818 32062.dat
1 0 571.4997559 -54.69565964 -1434.575439 -3.139164733e-7 0 -1 -0.9238789082 0.3826848269 2.900208074e-7 0.3826840818 0.9238787293 -1.201308351e-7 30553.dat
1 71 519.4997559 -66.17578888 -1462.292236 0 -1 0 0.9238780141 0 0.3826843798 -0.382684201 0 0.9238786697 32064a.dat
1 0 509.9999084 -47.03974915 -1416.099854 3.139165017e-7 0 1.000000119 -0.3827218413 0.9238622189 1.201426869e-7 -0.9238629937 -0.3827214837 2.900158051e-7 3707.dat
1 0 509.9996033 -81.48423767 -1499.247559 1 8.940698137e-8 0 3.42179618e-8 -0.92386204 -0.3827214837 8.259972617e-8 0.3827214241 -0.9238621593 32013.dat
1 71 509.9993286 -35.55529022 -1388.389648 -0.9999999404 -5.960464478e-8 -2.304046376e-7 -1.432476893e-7 -0.9238609076 0.3827233315 -1.900498319e-7 0.3827232122 0.9238613844 6590.dat
1 71 509.9993286 -27.90096664 -1369.91272 -0.9999999404 -5.960464478e-8 -2.304046376e-7 -1.432477177e-7 -0.9238613844 0.3827233911 -1.900498461e-7 0.382723242 0.923861444 6590.dat
1 0 510.0000916 -16.42365074 -1342.189819 1.000000119 0 0 0 -0.9238789678 -0.3826840222 0 0.3826839328 -0.9238786697 59443.dat
1 0 509.9997864 6.539629459 -1286.758179 0 1.000000119 0 -0.3827219903 0 -0.9238616824 -0.92386204 0 0.3827216327 3706.dat
1 0 509.999939 33.3289566 -1222.087402 -1 -8.940698137e-8 0 -3.421461159e-8 -0.9238778353 0.3826838434 -8.260118278e-8 0.382683605 0.9238786101 32013.dat
1 71 519.4996338 -58.52198792 -1443.814697 0 -1 0 0.9238779545 0 0.3826844096 -0.3826843202 0 0.9238787889 32064a.dat
1 71 519.4996338 -50.86851883 -1425.337036 0 -1 0 0.9238781333 0 0.3826843798 -0.3826842308 0 0.9238786697 32064a.dat
1 71 500.4999084 2.713204145 -1295.997192 0 1.000000119 0 -0.9238784909 0 0.3826834261 0.3826830089 0 0.9238788486 32064a.dat
1 72 524.4993896 6.522266388 -1286.75061 0 1 0 0.9238795638 0 -0.3826836944 -0.3826843202 0 -0.9238789678 87081.dat
1 72 500.4994507 -21.19380951 -1275.269287 0 1 0 -0.3826839626 0 -0.9238795042 -0.923879087 0 0.3826842904 3004.dat
1 15 548.4993896 19.58841133 -1281.339478 0 1 0 0.9238790274 0 -0.3826838434 -0.3826836944 0 -0.9238791466 85080.dat
1 72 500.4994507 34.23814011 -1298.229858 0 1 0 -0.382684052 0 -0.9238791466 -0.9238793254 0 0.3826840818 3004.dat
1 15 548.4993896 1.110357046 -1273.685059 0 1 0 0.382683903 0 0.9238794446 0.9238792658 0 -0.3826840818 85080.dat
1 71 500.4999084 10.36632156 -1277.519531 0 1.000000119 0 -0.9238784909 0 0.3826835155 0.3826830089 0 0.9238790274 32064a.dat
1 71 500.4999695 18.02064896 -1259.042236 0 1.000000119 0 -0.9238783717 0 0.3826834559 0.3826830983 0 0.9238789082 32064a.dat
1 15 588.4993286 -4.957448483 -1314.466431 0 1 0 0.9238796234 0 -0.3826839626 -0.3826843798 0 -0.9238795638 4855.dat
1 15 580.4993896 18.0039978 -1259.033691 0 1 0 -0.9238782525 0 0.3826836944 0.3826839924 0 0.9238792658 3023.dat
1 15 572.4993896 18.00399017 -1259.033569 0 1 0 -0.9238789678 0 0.3826835454 0.3826839924 0 0.9238793254 3023.dat
1 15 548.4993286 -28.84766388 -1293.74707 0 1.000000119 0 0.3826838136 0 0.923879981 0.9238796234 0 -0.382684499 3004.dat
1 15 572.4993896 -25.02058792 -1284.508179 0 1.000000119 0 0.3826836348 0 0.923879981 0.9238794446 0 -0.382684499 3623.dat
1 15 580.4993896 -25.02030373 -1284.508179 0 1.000000119 0 0.382683754 0 0.9238789678 0.9238792062 0 -0.3826840222 3623.dat
1 0 570.4995728 6.522323132 -1286.750732 -3.139165017e-7 0 -1.000000119 0.9238794446 -0.3826843798 -2.900209779e-7 -0.382684797 -0.9238788486 1.201310624e-7 30553.dat
1 0 550.4995117 6.523216724 -1286.750122 1 0 -3.139164733e-7 -2.900208926e-7 0.3826842308 -0.9238791466 1.201310198e-7 0.9238784909 0.382684648 32062.dat
1 0 581.4993286 -50.8681488 -1425.336792 0 -1.000000119 0 0.9238795042 0 0.3826836944 -0.382684648 0 0.9238790274 30552.dat
1 0 580.4995728 -24.85782623 -1362.508545 3.139164733e-7 0 1 0.3826849759 -0.9238786697 -1.201311193e-7 0.9238780737 0.382686317 -2.900205516e-7 3706.dat
1 0 580.4995728 2.696881771 -1295.989136 0 -0.9999998808 0 -0.9238795638 0 -0.3826834559 0.3826844692 0 -0.9238787293 30552.dat
1 0 509.9996643 -51.13472748 -1295.337891 1 0 -3.139164733e-7 2.900160325e-7 -0.3827215731 0.923863709 -1.201426016e-7 -0.923863709 -0.3827215731 30553.dat
1 0 509.9996643 -32.65759277 -1302.99292 3.139164733e-7 0 1 0.9238634706 0.3827215433 -2.900159757e-7 -0.3827217817 0.9238632917 1.201426727e-7 32062.dat
1 0 509.9996643 -4.941645145 -1314.474243 0 1.000000238 0 -0.3827222288 0 -0.923863709 -0.9238632321 0 0.3827226162 32034.dat
1 0 509.9996643 22.77531433 -1325.957642 0 1 0 0.9238958955 0 -0.3826445639 -0.3826448917 0 -0.9238951802 32062.dat
1 0 509.9996643 41.25329971 -1333.610596 -1.000000119 0 3.139165017e-7 -2.900259517e-7 -0.3826447129 -0.9238952994 1.201185569e-7 -0.9238955379 0.3826449811 30553.dat
1 0 509.9998474 126.1634979 -1337.438843 0 1 0 -1 0 3.139164733e-7 3.139164733e-7 0 1 3706.dat
1 0 509.9998474 60.49215698 -1337.436768 1 0 -3.139164733e-7 3.139164733e-7 0 1 0 -1 0 30552.dat
1 0 509.9998474 186.1634979 -1337.438843 -1 0 3.139164733e-7 -3.139164733e-7 0 -1 0 -1 0 30552.dat
1 15 549.9998779 124.1636734 -1354.938843 0.9999998808 0 0 0 0 -0.9999998808 0 0.9999998808 0 3958.dat
1 71 509.9998474 94.16357422 -1346.938843 0.9999998808 0 0 0 0 -0.9999998808 0 0.9999998808 0 32064a.dat
1 15 469.999939 124.1636734 -1322.938843 0.9999998808 0 0 0 0 -0.9999998808 0 0.9999998808 0 3958.dat
1 71 509.9998474 114.1636353 -1346.938843 0.9999998808 0 0 0 0 -0.9999998808 0 0.9999998808 0 32064a.dat
1 71 509.9998474 134.1635284 -1346.938843 0.9999998808 0 0 0 0 -0.9999998808 0 0.9999998808 0 32064a.dat
1 71 509.9998474 154.1636047 -1346.938843 0.9999998808 0 0 0 0 -0.9999998808 0 0.9999998808 0 32064a.dat
1 0 509.9996643 205.4020386 -1333.611572 1 0 -3.139164733e-7 2.900156346e-7 0.3827247024 0.9238624573 1.201435822e-7 -0.9238624573 0.3827247024 30553.dat
1 0 509.9995728 223.8793335 -1325.957397 3.139164733e-7 0 1 0.9238624573 -0.3827244937 -2.900156346e-7 0.3827244639 0.92386204 -1.201435111e-7 32062.dat
1 0 509.9995728 251.5954437 -1314.47644 0 1.000000238 0 0.3826475143 0 -0.9238945246 -0.9238942862 0 -0.3826476336 32034.dat
1 0 509.9995728 279.3121948 -1302.996704 0 1 0 0.9238942266 0 0.3826475143 0.3826476038 0 -0.9238941669 32062.dat
1 0 509.9995728 297.7900696 -1295.34375 -1.000000119 0 3.139165017e-7 -2.900255822e-7 0.3826476634 -0.9238941073 -1.201192674e-7 -0.9238945246 -0.3826472461 30553.dat
1 0 509.9998474 360.5423889 -1238.015503 0 1 0 -0.7071635723 0 -0.7070500255 -0.7070500255 0 0.7071635723 3706.dat
1 0 509.9998474 314.100708 -1284.446899 1 0 -3.139164733e-7 2.219899926e-7 0.7070503831 0.7071626186 2.219548065e-7 -0.7071640491 0.7070505023 30552.dat
1 0 509.9999084 402.9710693 -1195.592407 -1 0 3.139164733e-7 -2.21990021e-7 0.7070503831 -0.7071626782 -2.219547781e-7 -0.7071635723 -0.7070504427 30552.dat
1 15 549.9995728 372.914917 -1250.390503 0.9999998212 0 0 0 -0.7070502043 -0.7071628571 0 0.707164228 -0.7070502639 3958.dat
1 71 509.9995117 346.0434875 -1265.945068 0.9999998212 0 0 0 -0.7070501447 -0.7071623206 0 0.7071641684 -0.7070503235 32064a.dat
1 15 469.9996338 350.2901611 -1227.761353 0.9999998212 0 0 0 -0.7070501447 -0.7071628571 0 0.7071641684 -0.7070502639 3958.dat
1 71 509.9995117 360.1867981 -1251.803833 0.9999998212 0 0 0 -0.7070502043 -0.7071628571 0 0.707164228 -0.7070502639 32064a.dat
1 71 509.9995117 374.3299561 -1237.662842 0.9999998212 0 0 0 -0.7070502043 -0.7071628571 0 0.707164228 -0.7070502639 32064a.dat
1 71 509.9995728 388.473938 -1223.521851 0.9999998212 0 0 0 -0.7070502043 -0.7071628571 0 0.707164228 -0.7070502639 32064a.dat
1 0 509.9996643 413.8709412 -1179.283325 1 0 -3.139164733e-7 1.201410669e-7 0.9238657355 0.3827166855 2.900166862e-7 -0.3827166855 0.9238657355 30553.dat
1 0 509.9994507 421.5255737 -1160.806152 3.139164733e-7 0 1 0.3827168643 -0.9238653779 -1.201411237e-7 0.9238653779 0.3827166557 -2.900165725e-7 32062.dat
1 0 509.9994507 432.9973145 -1133.075806 0 1 0 -0.9238783717 0 0.3826865554 0.3826864958 0 0.9238783717 32034.dat
1 0 509.9994202 444.4786072 -1105.359985 0 1 0 0.3826445341 0 0.9238952398 0.9238952994 0 -0.3826446235 32062.dat
1 0 509.9994202 452.1318359 -1086.881836 -1 0 3.139164733e-7 -1.201185285e-7 0.9238957763 -0.3826448917 -2.900258664e-7 -0.3826447725 -0.923895061 30553.dat
1 15 548.5001831 412.2704468 -1156.982544 0 1 0 -0.9238952994 0 0.3826454282 0.3826454282 0 0.9238952994 3004.dat
1 15 572.5001221 403.0316772 -1153.15564 0 1 0 -0.9238952398 0 0.3826454282 0.3826452494 0 0.9238952994 3623.dat
1 15 580.5001221 403.0316772 -1153.15564 0 1 0 -0.9238948822 0 0.3826450408 0.3826453686 0 0.9238948822 3623.dat
1 0 509.9996948 340.6087952 -1094.808472 -0.999999702 -8.940694585e-8 0 8.260257545e-8 -0.3826449513 -0.9238941669 -3.421120809e-8 -0.9238933921 0.382645756 32013.dat
1 0 509.9996948 405.2807922 -1121.595215 0 0.9999997616 0 0.9238780141 0 -0.3826830387 -0.3826835155 0 -0.9238772988 3706.dat
1 0 509.9996948 460.7131958 -1144.556641 0.9999997616 0 0 0 -0.3826453388 0.9238945842 0 -0.9238937497 -0.3826459348 59443.dat
1 0 509.9992676 534.6243896 -1175.168945 3.13916388e-7 0 0.9999997616 0.9238786101 0.3826828599 -2.900207221e-7 -0.3826837838 0.9238778949 1.201307498e-7 3707.dat
1 0 509.9995117 617.7736206 -1209.608765 0.999999702 8.940694585e-8 0 -8.260114726e-8 -0.3826828301 0.9238780737 3.42145654e-8 -0.9238778353 -0.3826834857 32013.dat
1 71 509.9994202 506.9031372 -1163.69812 -0.9999994636 -5.960461635e-8 -2.304045239e-7 1.900498319e-7 -0.3827232122 -0.9238613844 -1.432478314e-7 -0.9238610864 0.3827239573 6590.dat
1 71 509.9994202 488.4263611 -1156.043457 -0.9999994636 -5.960461635e-8 -2.304045239e-7 1.900499456e-7 -0.382723242 -0.9238618612 -1.432479024e-7 -0.9238613844 0.3827241659 6590.dat
1 71 500.4997864 396.0418091 -1117.768555 0 0.9999997616 0 -0.3826444745 0 -0.9238940477 -0.9238941073 0 0.3826451302 32064a.dat
1 72 524.5002441 405.2730713 -1121.612061 0 0.9999998808 0 0.3826454282 0 0.9238945842 0.9238949418 0 -0.3826455176 87081.dat
1 15 548.5001831 392.2076416 -1127.024536 0 0.9999998808 0 -0.9238948226 0 0.3826450706 0.382645458 0 0.9238943458 85080.dat
1 15 548.5001831 399.8613892 -1108.546631 0 0.9999998808 0 0.3826447725 0 0.9238948226 0.9238940477 0 -0.382645458 85080.dat
1 72 500.5002441 416.7511902 -1093.89624 0 0.9999998808 0 0.923894763 0 -0.3826450408 -0.3826455772 0 -0.9238941669 3004.dat
1 72 500.5002441 393.7926941 -1149.328979 0 0.9999998808 0 0.923894763 0 -0.3826453388 -0.3826455772 0 -0.923894465 3004.dat
1 71 500.4997864 414.5197449 -1125.421265 0 0.9999997616 0 -0.3826447129 0 -0.9238945842 -0.9238936901 0 0.382645905 32064a.dat
1 71 535.4994507 553.1004028 -1182.824097 0 -0.9999997616 0 -0.9238942862 0 -0.3826451898 0.3826459944 0 -0.9238938093 60474.dat
1 71 527.4996948 553.1008911 -1182.824585 0 -0.9999997616 0 -0.9238942862 0 -0.3826448917 0.3826459944 0 -0.9238935113 60474.dat
1 72 519.4998779 541.621521 -1210.540771 0 -0.9999997616 0 0.9238934517 0 0.3826452494 -0.382645905 0 0.9238941073 3004.dat
1 72 519.499939 564.579895 -1155.108032 0 -0.9999997616 0 0.9238934517 0 0.3826452494 -0.382645905 0 0.9238941073 3004.dat
1 72 543.4996338 553.100708 -1182.825073 0 -0.9999997616 0 -0.9238942862 0 -0.3826448917 0.3826459944 0 -0.9238935113 4032a.dat
1 0 551.4997559 553.1000977 -1182.824585 1 0 -3.139164733e-7 1.201185e-7 0.9238945246 0.3826447725 2.900258096e-7 -0.3826465607 0.9238948226 32062.dat
1 0 571.4997559 553.1000977 -1182.824585 -3.139164448e-7 0 -0.9999998808 -0.3826447725 -0.9238945246 1.201185e-7 -0.9238948226 0.3826465607 2.900258096e-7 30553.dat
1 71 519.4996338 543.8618774 -1178.998901 0 -0.9999997616 0 0.3826449811 0 -0.923894465 0.9238935709 0 0.3826461136 32064a.dat
1 71 519.4996338 562.3396606 -1186.650269 0 -0.9999997616 0 0.3826453686 0 -0.9238945246 0.9238936901 0 0.3826461434 32064a.dat
1 71 519.4994507 580.8180542 -1194.303833 0 -0.9999997616 0 0.3826453388 0 -0.9238943458 0.9238937497 0 0.3826458454 32064a.dat
1 71 500.4997864 377.5643005 -1110.115601 0 0.9999997616 0 -0.3826444447 0 -0.9238940477 -0.9238938093 0 0.3826451004 32064a.dat
1 15 572.5001221 377.5554199 -1110.132813 0 0.9999998808 0 -0.3826451302 0 -0.9238949418 -0.923895061 0 0.3826452494 3023.dat
1 15 580.5001221 377.5552368 -1110.13269 0 0.9999998808 0 -0.3826450706 0 -0.9238948822 -0.9238946438 0 0.3826453388 3023.dat
1 15 588.5001221 432.9888306 -1133.092041 0 0.9999998808 0 0.3826453686 0 0.9238952994 0.923895359 0 -0.3826455474 4855.dat
1 15 548.5001831 435.2296448 -1101.547607 0 0.9999998808 0 -0.923895061 0 0.3826450109 0.3826456368 0 0.923894763 3004.dat
1 15 572.5001221 425.9915466 -1097.72229 0 0.9999998808 0 -0.923894763 0 0.3826450109 0.3826453984 0 0.923894763 3623.dat
1 15 580.5001221 425.9914856 -1097.722412 0 0.9999998808 0 -0.923894763 0 0.3826449811 0.3826453984 0 0.9238945246 3623.dat
1 0 580.5003052 414.5113525 -1125.438232 0 -0.9999997616 0 -0.3826449215 0 0.923894465 -0.9238945246 0 -0.3826454282 30552.dat
1 0 580.5003052 481.0317383 -1152.990234 3.139164448e-7 0 0.9999998808 -0.9238936901 -0.3826467395 2.900254401e-7 0.3826469779 -0.9238935113 -1.201191964e-7 3706.dat
1 0 581.5001221 543.8609619 -1178.997803 0 -1 0 0.3826452494 0 -0.9238948226 0.9238948822 0 0.3826456964 30552.dat
1 0 550.5003052 405.2718506 -1121.612305 0.9999998808 0 -3.139164448e-7 -1.2011877e-7 -0.9238949418 -0.3826456368 -2.900257527e-7 0.3826461732 -0.9238946438 32062.dat
1 0 570.5003052 405.272583 -1121.612915 -3.139164733e-7 0 -1 0.3826457858 0.9238954782 -1.201188127e-7 0.923895061 -0.3826463521 -2.900258664e-7 30553.dat

0 STEP

1 72 -95.50019836 405.2731934 -1121.613647 0 1 0 0.3826459646 0 0.923895061 0.923895061 0 -0.3826459646 87081.dat
1 71 -71.50019836 405.2730713 -1121.613037 0 1 0 -0.9238960743 0 0.3826459646 0.3826463223 0 0.923895359 60474.dat
1 72 -63.50021362 405.2730103 -1121.612549 0 1 0 0.3826459646 0 0.9238960743 0.923895359 0 -0.3826463223 87081.dat
1 72 -39.5000267 405.2730713 -1121.613525 0 1 0 0.3826459646 0 0.9238960743 0.923895359 0 -0.3826463223 87081.dat
1 72 -15.50022793 405.2730713 -1121.613525 0 1 0 0.3826459646 0 0.9238960743 0.923895359 0 -0.3826463223 87081.dat
1 71 8.499913216 405.2732544 -1121.613525 0 1 0 -0.9238960743 0 0.3826459944 0.3826463223 0 0.923895061 60474.dat
1 72 16.49991035 405.2728577 -1121.613037 0 0.9999998808 0 0.3826458752 0 0.923895061 0.9238951206 0 -0.3826459646 87081.dat
1 72 40.49992371 416.7520142 -1093.896729 0 0.9999998808 0 0.923895061 0 -0.3826459646 -0.3826459646 0 -0.923895061 3004.dat
1 72 64.49989319 405.2726135 -1121.61377 0 0.9999998808 0 0.382645756 0 0.923895359 0.9238948226 0 -0.3826458752 87081.dat
1 71 88.49989319 405.2727356 -1121.614014 0 0.9999998808 0 -0.923895061 0 0.382645756 0.3826459646 0 0.9238948226 60474.dat
1 72 96.49987793 405.2727356 -1121.613647 0 0.9999998808 0 0.382645756 0 0.923895061 0.9238948226 0 -0.3826459646 87081.dat
1 72 120.4998474 405.2727356 -1121.613647 0 0.9999998808 0 0.382645756 0 0.923895061 0.9238948226 0 -0.3826459646 87081.dat
1 72 144.4998474 405.2727356 -1121.613647 0 0.9999998808 0 0.382645756 0 0.923895061 0.9238948226 0 -0.3826459646 87081.dat
1 71 168.4998322 405.2727661 -1121.613281 0 0.9999998808 0 -0.923895061 0 0.382645756 0.3826459646 0 0.9238948226 60474.dat
1 72 176.5000305 405.2723999 -1121.613525 0 0.9999998212 0 0.3826457262 0 0.9238952398 0.923894763 0 -0.3826458454 87081.dat
1 72 200.4998016 416.75177 -1093.897095 0 0.9999998212 0 0.9238952398 0 -0.3826457262 -0.3826458454 0 -0.923894763 3004.dat
1 72 224.4999695 405.2729492 -1121.613525 0 1.000000358 0 0.3826461136 0 0.9238954782 0.9238950014 0 -0.3826461434 87081.dat
1 71 248.4997711 405.2729187 -1121.613892 0 1.000000358 0 -0.9238960147 0 0.3826461136 0.3826465011 0 0.9238950014 60474.dat
1 72 256.4999695 405.2731934 -1121.61438 0 1.000000358 0 0.3826461136 0 0.9238960147 0.9238950014 0 -0.3826465011 87081.dat
1 72 280.499939 405.2731018 -1121.61438 0 1.000000358 0 0.3826461136 0 0.9238960147 0.9238950014 0 -0.3826465011 87081.dat
1 72 304.499939 405.2731018 -1121.61438 0 1.000000358 0 0.3826461136 0 0.9238960147 0.9238950014 0 -0.3826465011 87081.dat
1 71 328.499939 405.2732544 -1121.614014 0 1.000000358 0 -0.9238960147 0 0.3826461434 0.3826465011 0 0.9238950014 60474.dat
1 72 336.4999084 405.2727661 -1121.614014 0 1.000000238 0 0.3826459944 0 0.9238951802 0.923894763 0 -0.3826459944 87081.dat
1 72 360.5001221 393.793335 -1149.330444 0 1.000000238 0 0.9238954782 0 -0.3826459944 -0.3826461434 0 -0.923894763 3004.dat
1 72 384.4999084 405.2726135 -1121.614502 0 1.000000238 0 0.3826459944 0 0.9238952994 0.923894763 0 -0.3826460242 87081.dat
1 72 360.5001221 416.7520447 -1093.896851 0 1.000000238 0 0.923895061 0 -0.3826459944 -0.3826459646 0 -0.923894763 3004.dat
1 71 408.5000916 405.272583 -1121.614502 0 1.000000238 0 -0.9238952994 0 0.3826459944 0.3826460242 0 0.923894763 60474.dat
1 72 416.5000305 405.2726135 -1121.614258 0 1.000000238 0 0.3826459944 0 0.9238952994 0.923894763 0 -0.3826460242 87081.dat
1 72 440.500061 405.2724304 -1121.614258 0 1.000000238 0 0.3826459944 0 0.9238952994 0.923894763 0 -0.3826460242 87081.dat
1 71 464.5000916 405.2722473 -1121.614136 0 1.000000238 0 -0.9238951802 0 0.3826459944 0.3826459944 0 0.923894763 60474.dat
1 72 472.5000305 405.2722778 -1121.614136 0 1.000000238 0 0.3826459944 0 0.9238951802 0.923894763 0 -0.3826459944 87081.dat
1 72 200.4997711 393.7935486 -1149.329956 0 1.000000358 0 0.9238960147 0 -0.3826461136 -0.3826465011 0 -0.9238950014 3004.dat
1 72 40.49990082 393.793335 -1149.3302 0 0.9999998808 0 0.923895061 0 -0.382645756 -0.3826459646 0 -0.9238948226 3004.dat
1 72 -119.5001984 393.7936401 -1149.330078 0 1 0 0.9238951802 0 -0.3826459646 -0.3826459944 0 -0.923895359 3004.dat
1 72 -143.5001831 405.2729492 -1121.612793 0 0.9999998808 0 0.3826459348 0 0.923895061 0.9238952398 0 -0.3826459646 87081.dat
1 72 -119.5001755 416.752533 -1093.896118 0 0.9999998808 0 0.9238951802 0 -0.3826459348 -0.3826459944 0 -0.9238952398 3004.dat
1 71 -151.500351 405.2733459 -1121.613403 0 1 0 -0.923895061 0 0.382646054 0.3826459646 0 0.9238947034 60474.dat
1 72 -175.500351 405.2730713 -1121.612793 0 1 0 0.3826460242 0 0.9238960147 0.9238947034 0 -0.3826465011 87081.dat
1 72 -199.5003204 405.2732544 -1121.612671 0 1 0 0.3826460242 0 0.9238960147 0.9238947034 0 -0.3826465011 87081.dat
1 72 -223.500351 405.2730713 -1121.612427 0 1 0 0.3826460242 0 0.9238960147 0.9238947034 0 -0.3826465011 87081.dat
1 71 -231.5003204 405.2731934 -1121.612671 0 1 0 -0.9238960147 0 0.3826460242 0.3826465011 0 0.9238947034 60474.dat
1 72 -255.5003357 405.2727661 -1121.613403 0 1 0 0.3826460242 0 0.923895061 0.9238947034 0 -0.3826459646 87081.dat
1 72 -279.5002441 416.7522583 -1093.895996 0 1 0 0.9238951802 0 -0.3826460242 -0.3826459944 0 -0.9238947034 3004.dat
1 72 -303.5002747 405.2731628 -1121.612427 0 1.000000119 0 0.3826460242 0 0.923895061 0.9238947034 0 -0.3826459646 87081.dat
1 71 -311.5002747 405.2729187 -1121.612061 0 0.9999998808 0 -0.9238952994 0 0.382645756 0.3826457262 0 0.9238948226 60474.dat
1 72 -335.5002747 405.2728577 -1121.612061 0 0.9999998808 0 0.382645756 0 0.9238952994 0.9238948226 0 -0.3826457262 87081.dat
