1 71 -537.9989624 -93.94820404 -914.8022461 1 0 -3.139164733e-7 -2.900206084e-7 0.3826864958 -0.9238782525 1.201315882e-7 0.9238782525 0.3826864958 4519.dat
1 71 -569.9989624 -93.94741821 -914.8025513 2.304046944e-7 2.304046944e-7 -1.000000238 -0.3826845288 -0.923879683 -3.01038483e-7 -0.9238795042 0.3826846778 -1.246937984e-7 6590.dat
1 15 -579.9989014 -112.4249725 -907.1489258 0 -1.000000238 0 0.9238797426 0 0.3826845586 -0.3826847672 0 0.9238795638 3032.dat
1 15 -587.9989014 -111.768364 -853.3015137 0 -1.000000238 0 0.3826841712 0 -0.923879981 0.9238792062 0 0.3826841414 47397.dat
1 15 -579.9993286 -223.29039 -861.2266846 0 -1 0 0.3826844096 0 -0.9238799214 0.9238796234 0 0.38268435 3958.dat
1 15 -587.9992676 -297.2008057 -830.6116943 0 -0.9999998808 0 0.3826843798 0 -0.9238799214 0.9238791466 0 0.3826843202 3958.dat
1 15 -579.9990845 -315.6784668 -822.9581909 0 -0.9999997616 0 0.3826841116 0 -0.9238799214 0.9238790274 0 0.3826842904 3035.dat
1 15 -587.9991455 -281.2367249 -739.8083496 0 -1 0 0.3826840222 0 -0.9238800406 0.9238792658 0 0.382684052 50305.dat
1 15 -587.9990845 -350.1199341 -906.1066895 0 -1 0 0.3826841712 0 -0.923879981 0.9238792062 0 0.3826841414 50304.dat
1 15 -587.9992676 -130.9023438 -899.494812 0 -1 0 0.9238799214 0 0.3826844096 -0.38268435 0 0.9238796234 2445.dat
1 15 -579.9993286 -20.03698349 -945.4169312 0 -1 0 0.9238799214 0 0.3826844096 -0.38268435 0 0.9238796234 3020.dat
1 15 -587.9987793 24.57211685 -942.2473145 0 -1 0 0.3826841712 0 -0.923879981 0.9238792062 0 0.3826841414 41770.dat
1 15 -587.9991455 9.264683723 -979.2025757 0 -1 0 0.3826841712 0 -0.923879981 0.9238792062 0 0.3826841414 41769.dat
1 15 -587.9989624 -150.0367737 -945.6889038 0 -1.000000238 0 0.3826841712 0 -0.923879981 0.9238792062 0 0.3826841414 47398.dat
1 0 -549.9987793 -371.1126099 -800.0001831 -0.9999999404 -8.940696716e-8 0 8.260276019e-8 -0.3826459348 -0.9238962531 -3.421121164e-8 -0.9238952398 0.3826458156 32013.dat
1 0 -549.9990234 -287.9609375 -834.4353027 3.139164733e-7 0 1 0.9238806963 0.3826838434 -2.900213758e-7 -0.3826839328 0.9238796234 1.201307924e-7 3707.dat
1 71 -549.9989624 -315.6773682 -822.9549561 -0.9999999404 -5.960464478e-8 -2.304046376e-7 -1.900566531e-7 0.3826829195 0.9238805771 1.43239518e-7 0.9238795638 -0.3826830685 6590.dat
1 71 -549.9987793 -297.1986694 -830.6071167 5.960463412e-8 0.9999997616 2.30404595e-7 -0.3826450408 1.900625506e-7 -0.9238963723 -0.9238950014 -1.432317163e-7 0.3826452196 6590.dat
1 71 -549.9987793 -260.2441711 -845.9162598 5.960463412e-8 0.9999997616 2.30404595e-7 -0.3826450408 1.900625506e-7 -0.9238963723 -0.9238950014 -1.432317163e-7 0.3826452196 6590.dat
1 0 -549.9990234 -214.052063 -865.0540161 0.9999998808 0 0 0 -0.3826462924 0.9238962531 0 -0.9238961339 -0.3826463521 59443.dat
1 0 -549.9989014 -158.6185913 -888.0142212 0 1 0 0.9238801003 0 -0.382684052 -0.3826839626 0 -0.9238787293 3706.dat
1 71 -549.9962158 -167.8564911 -884.1841431 -0.9999999404 -5.960464478e-8 -2.304046376e-7 -1.900566531e-7 0.3826829195 0.9238805771 1.43239518e-7 0.9238795638 -0.3826830685 6590.dat
1 71 -549.9989014 -149.3796844 -891.8408203 5.960463412e-8 0.9999997616 2.30404595e-7 -0.3826450408 1.900625506e-7 -0.9238963723 -0.9238950014 -1.432317163e-7 0.3826452196 6590.dat
1 0 -549.9987183 -93.94692993 -914.802002 0.9999999404 8.940696716e-8 0 -8.260134621e-8 -0.3826838434 0.9238802791 3.421460093e-8 -0.9238795638 -0.3826838732 32013.dat
1 71 -549.9990234 -241.7670746 -853.5700684 5.960463767e-8 0.9999998212 2.304046092e-7 0.3826452494 -1.90062508e-7 0.9238962531 0.9238947034 1.432316878e-7 -0.3826451898 6590.dat
1 71 -549.9989624 -130.9026031 -899.4945679 5.960463767e-8 0.9999998212 2.304046092e-7 0.3826452494 -1.90062508e-7 0.9238962531 0.9238947034 1.432316878e-7 -0.3826451898 6590.dat
1 0 -569.9989624 -334.1549377 -815.3012085 0 3.258413699e-7 -1 -0.9238802791 0.3826834261 1.246940968e-7 0.3826834857 0.9238793254 3.010381135e-7 32039.dat
1 0 -549.9989624 -297.8562012 -884.4564209 -1 0 3.139164733e-7 1.201184716e-7 -0.9238955975 0.3826446831 2.90026037e-7 0.3826446831 0.9238955975 30553.dat
1 0 -549.9989624 -290.2033081 -865.9784546 3.139164733e-7 0 1 -0.3826438189 0.9238957763 1.201182016e-7 -0.9238959551 -0.3826439083 2.900261507e-7 32062.dat
1 0 -549.9989014 -278.7220459 -838.2622681 0 -1.000000119 0 -0.9238798022 0 -0.3826827109 0.3826828003 0 -0.9238803387 32034.dat
1 0 -549.9989624 -267.2415161 -810.5458984 3.139164164e-7 0 0.9999998212 -0.3826821446 0.9238794446 1.20130224e-7 -0.923879683 -0.3826826513 2.900210632e-7 32062.dat
1 0 -549.9989014 -259.5878601 -792.0681763 0.9999999404 0 -3.139164448e-7 -1.201301103e-7 -0.9238802791 -0.382681787 -2.900210916e-7 0.3826828301 -0.9238798022 30553.dat
1 15 -603.9985352 -361.6833191 -1003.903748 0 -1 0 0 0 1 -1 0 0 3036.dat
1 15 -579.9990234 -301.6833801 -1003.903564 0 -1 0 0 0 -1.000000119 1 0 0 6143.dat
1 15 -603.9989014 -241.6831512 -1003.903687 0 -1 0 0 0 -1 1 0 0 3958.dat
1 15 -611.9983521 -141.6823578 -953.9036865 0 -1.000000119 0 -3.139164733e-7 0 -1 1 0 -3.139164733e-7 47397.dat
1 15 -603.9984131 -121.6832886 -1003.903748 0 -1.000000119 0 1 0 0 0 0 1 3032.dat
1 15 -579.9984131 -141.6832275 -1003.903748 0 -1.000000119 0 0 0 -1.000000119 1 0 0 6143.dat
1 0 -579.9984131 -141.6816864 -1003.90387 -1.000000119 0 3.139165017e-7 -3.139165017e-7 0 -1.000000119 0 -0.9999998808 0 32062.dat
1 71 -549.9990234 -141.6832275 -1003.903748 0 1 0 3.139165017e-7 0 1.000000119 1 0 -3.139164733e-7 32014.dat
1 0 -549.9990234 -179.6832123 -1003.90387 -3.139165017e-7 0 -1.000000119 1.000000119 0 -3.139165017e-7 0 -1 0 32062.dat
1 15 -611.9989014 -141.6831818 -1003.903687 0 -1 0 1 0 0 0 0 1 2445.dat
1 15 -603.9989014 -21.68268585 -1003.903748 0 -1 0 1 0 0 0 0 1 3020.dat
1 15 -611.998291 18.3170948 -983.9035034 0 -1 0 -3.139164733e-7 0 -1 1 0 -3.139164733e-7 41770.dat
1 15 -611.9987793 18.31710052 -1023.903687 0 -1 0 -3.139164733e-7 0 -1 1 0 -3.139164733e-7 41769.dat
1 15 -611.9985352 -141.6822968 -1053.903809 0 -1.000000119 0 -3.139164733e-7 0 -1 1 0 -3.139164733e-7 47398.dat
1 15 -611.9988403 -341.6832581 -1003.903748 0 -1 0 -1 0 0 0 0 -1 3036.dat
1 0 -579.9989624 -301.6834106 -1003.903687 1.000000119 0 -3.139165017e-7 3.139165017e-7 0 1.000000119 0 -1.000000238 0 32062.dat
1 15 -611.9987793 -341.6832581 -913.9038086 0 -1 0 -3.139164733e-7 0 -1 1 0 -3.139164733e-7 50305.dat
1 15 -611.9987793 -341.6832581 -1093.903687 0 -1 0 -3.139164733e-7 0 -1 1 0 -3.139164733e-7 50304.dat
1 0 -569.9991455 -301.6833191 -1003.90387 0 3.258414552e-7 -1.000000238 0 -0.9999994636 -3.258411994e-7 -0.9999995232 0 0 32039.dat
1 0 -549.9990234 -301.683136 -1025.903687 3.139165585e-7 0 1.000000238 0 1.000000358 0 -1.000000477 0 3.139166154e-7 3707.dat
1 0 -549.9992065 -301.683136 -1105.903687 -1.000000238 0 3.139165585e-7 0 -1.000000358 0 3.139166154e-7 0 1.000000477 30552.dat
1 71 -549.9989624 -301.6833801 -1023.903687 -0.9999999404 -5.960464478e-8 -2.304046376e-7 5.960464478e-8 0.9999999404 2.304046376e-7 2.304047229e-7 2.304047229e-7 -1.000000358 6590.dat
1 71 -549.9989624 -301.6833801 -983.9036255 -0.9999999404 -5.960464478e-8 -2.304046376e-7 5.960464478e-8 0.9999999404 2.304046376e-7 2.304047229e-7 2.304047229e-7 -1.000000358 6590.dat
1 0 -549.9989624 -301.6826782 -943.6952515 0 -1.000000238 0 1.000000238 0 0 0 0 1.000000715 59443.dat
1 0 -549.9989624 -301.6826477 -923.6953735 0 -1.000000238 0 3.139165585e-7 0 1.000000238 -1.000000477 0 3.139166154e-7 32062.dat
1 0 -549.9989014 -301.6826782 -903.6953735 1.000000238 0 -3.139165585e-7 0 -1.000000477 0 -3.139166154e-7 0 -1.000000477 30552.dat
1 0 -549.9990234 -189.6833344 -1003.903931 0 -1 -3.258413699e-7 0 -3.258412846e-7 0.9999997616 -0.9999998808 0 0 32039.dat
1 0 -549.9989624 -209.2980347 -1007.638062 0 1.000000238 0 3.139165869e-7 0 1.000000358 1.000000477 0 -3.139166154e-7 3706.dat
1 0 -549.9990234 -209.2979736 -1067.638062 -1.000000238 0 3.139165585e-7 0 -1.000000358 0 3.139166154e-7 0 1.000000477 30552.dat
1 71 -549.9989624 -209.2963409 -1025.633545 -0.9999999404 -5.960464478e-8 -2.304046376e-7 5.960464478e-8 0.9999999404 2.304046376e-7 2.304047229e-7 2.304047229e-7 -1.000000358 6590.dat
1 71 -549.9989624 -209.2963409 -983.6335449 -0.9999999404 -5.960464478e-8 -2.304046376e-7 5.960464478e-8 0.9999999404 2.304046376e-7 2.304047229e-7 2.304047229e-7 -1.000000358 6590.dat
1 0 -549.9989624 -209.2958984 -941.9667358 1.000000238 0 -3.139165585e-7 0 -1.000000477 0 -3.139166154e-7 0 -1.000000477 30552.dat
1 0 -549.9990234 -205.4707336 -1086.876587 1 0 -3.139164733e-7 1.201435964e-7 -0.9238623977 0.3827247322 -2.900156346e-7 -0.3827247322 -0.9238623977 30553.dat
1 0 -549.9990234 -197.8164978 -1105.353882 3.139164733e-7 0 1 0.3827245235 0.9238618612 -1.201435396e-7 -0.9238621593 0.3827245235 2.900155494e-7 32062.dat
1 0 -549.9992676 -186.3352966 -1133.070801 0 -1 0 -0.9238781929 0 0.3826872706 -0.3826872408 0 -0.9238784313 32034.dat
1 0 -549.9990845 -174.8519135 -1160.789185 0 0.9999998808 0 0.3827203512 0 -0.9238640666 -0.9238647223 0 -0.3827200234 32062.dat
1 0 -549.9990845 -167.1975555 -1179.266235 -1 0 3.139164733e-7 -1.201420758e-7 -0.9238647223 -0.3827198744 2.900161746e-7 -0.3827201426 0.9238641262 30553.dat
1 71 -537.9991455 -93.94747162 -1094.802612 1 0 -3.139164733e-7 -1.201305508e-7 0.9238796234 -0.3826831877 2.900210347e-7 0.3826831877 0.9238796234 4519.dat
1 71 -569.9991455 -93.94699097 -1094.803345 2.304046944e-7 2.304046944e-7 -1.000000238 -0.9238791466 -0.3826853931 -3.010385399e-7 -0.3826853335 0.923879683 1.246936847e-7 6590.dat
1 15 -579.9991455 -112.424942 -1102.455444 0 -1.000000119 0 0.9238784313 0 -0.3826857209 0.3826857209 0 0.9238785505 3032.dat
1 15 -587.9991455 -150.0368042 -1063.91626 0 -1.000000119 0 -0.382686168 0 -0.9238786101 0.9238783717 0 -0.3826862574 47397.dat
1 15 -579.9995728 -223.2905121 -1148.378418 0 -0.9999998808 0 -0.3826858699 0 -0.9238784909 0.9238784909 0 -0.3826859593 3958.dat
1 15 -587.9995117 -130.9025726 -1110.111206 0 -0.9999998808 0 0.9238784909 0 -0.3826858699 0.3826859593 0 0.9238784909 2445.dat
1 15 -579.9995117 -20.03704643 -1064.187256 0 -0.9999998808 0 0.9238784909 0 -0.3826858699 0.3826859593 0 0.9238784909 3020.dat
1 15 -587.9989624 9.264209747 -1030.4021 0 -0.9999998808 0 -0.382686168 0 -0.9238786101 0.9238783717 0 -0.3826862574 41770.dat
1 15 -587.9993286 24.57136154 -1067.357788 0 -0.9999998808 0 -0.382686168 0 -0.9238786101 0.9238783717 0 -0.3826862574 41769.dat
1 15 -587.9991455 -111.7683182 -1156.303589 0 -1.000000119 0 -0.382686168 0 -0.9238786101 0.9238783717 0 -0.3826862574 47398.dat
1 15 -587.9996338 -297.2008972 -1178.993164 0 -1 0 -0.3826859295 0 -0.9238784909 0.9238786101 0 -0.3826859295 3958.dat
1 15 -579.9994507 -315.6784668 -1186.647095 0 -0.9999998808 0 -0.3826858997 0 -0.9238782525 0.9238780737 0 -0.3826858997 3035.dat
1 15 -587.9994507 -350.1202393 -1103.498047 0 -0.9999998808 0 -0.382686317 0 -0.9238785505 0.9238782525 0 -0.382686466 50305.dat
1 15 -587.9993896 -281.2367554 -1269.796021 0 -0.9999998808 0 -0.3826861382 0 -0.9238784909 0.9238783121 0 -0.3826862574 50304.dat
1 71 -549.9992676 -241.7670898 -1156.034668 -5.960461991e-8 -0.9999995232 -2.304045381e-7 -0.3826451898 1.900622095e-7 -0.9238948822 0.9238948226 1.432317163e-7 -0.3826452792 6590.dat
1 0 -549.9990845 -287.9637756 -1175.163086 3.139164448e-7 0 0.9999999404 0.9238788486 -0.3826836348 -2.900207789e-7 0.382684052 0.9238799214 -1.201308351e-7 3707.dat
1 71 -549.9992676 -315.6801758 -1186.64209 -5.960463412e-8 -0.9999997616 -2.30404595e-7 0.3826454282 -1.900621953e-7 0.9238948822 -0.9238948822 -1.432317305e-7 0.382645309 6590.dat
1 71 -549.9990845 -297.1990967 -1178.997192 -5.960462701e-8 -0.9999996424 -2.304045665e-7 -0.382645309 1.900621953e-7 -0.9238948822 0.9238948226 1.432317305e-7 -0.382645309 6590.dat
1 71 -549.9990845 -260.2446594 -1163.687866 -5.960462701e-8 -0.9999996424 -2.304045665e-7 -0.382645309 1.900621953e-7 -0.9238948822 0.9238948226 1.432317305e-7 -0.382645309 6590.dat
1 0 -549.9990234 -214.0515594 -1144.55188 0.9999999404 0 0 0 0.3827217817 0.9238638282 0 -0.9238637686 0.3827219903 59443.dat
1 0 -549.9991455 -158.6191864 -1121.590332 0 0.9999999404 0 0.9238781333 0 0.3826834559 0.3826833367 0 -0.923879087 3706.dat
1 71 -549.9992676 -167.8585968 -1125.416626 -5.960463412e-8 -0.9999997616 -2.30404595e-7 0.3826453388 -1.900621953e-7 0.9238948822 -0.923895359 -1.432317731e-7 0.3826453388 6590.dat
1 71 -549.9991455 -149.3803406 -1117.763428 -5.960462701e-8 -0.9999996424 -2.304045665e-7 -0.382645309 1.900621953e-7 -0.9238948822 0.9238948226 1.432317305e-7 -0.382645309 6590.dat
1 0 -549.9991455 -93.9478302 -1094.802612 0.9999998808 8.940696006e-8 0 -8.26012112e-8 0.3826836348 0.9238789082 -3.421461159e-8 -0.923879087 0.3826838434 32013.dat
1 71 -549.9992065 -130.9026489 -1110.109985 -5.960461991e-8 -0.9999995232 -2.304045381e-7 -0.3826451898 1.900622095e-7 -0.9238948822 0.9238948226 1.432317163e-7 -0.3826452792 6590.dat
1 0 -549.9990845 -371.1101379 -1209.611084 -0.9999998808 -8.940696006e-8 0 8.259983986e-8 0.3827218115 -0.9238634706 3.421799377e-8 -0.9238638282 -0.3827218413 32013.dat
1 0 -569.9990845 -334.1521301 -1194.298706 0 3.258412278e-7 -0.9999995828 0.9238784909 0.3826854825 1.246947647e-7 0.3826854825 -0.9238779545 -3.010376588e-7 32039.dat
1 0 -549.9990234 -297.855896 -1125.142212 1 0 -3.139164733e-7 1.201431559e-7 -0.9238629937 0.3827233016 -2.900158051e-7 -0.3827233016 -0.9238629937 30553.dat
1 0 -549.9990234 -290.2015076 -1143.619385 3.139164733e-7 0 1 0.3827228844 0.9238626957 -1.201430138e-7 -0.9238627553 0.3827229738 2.900157483e-7 32062.dat
1 0 -549.9990234 -278.7243652 -1171.336426 0 -1 0 -0.9238777161 0 0.3826873004 -0.3826874495 0 -0.9238786697 32034.dat
1 0 -549.9989014 -267.2402344 -1199.059448 3.139164733e-7 0 1 0.3827237189 0.9238623381 -1.201432838e-7 -0.9238632321 0.3827238381 2.900158904e-7 32062.dat
1 0 -549.9989014 -259.5858459 -1217.536377 -1 0 3.139164733e-7 -1.201430138e-7 -0.9238625765 -0.3827228546 2.900160041e-7 -0.382723242 0.9238635898 30553.dat
1 15 -611.9988403 -268.2561951 -1270.29834 0 -1 0 -0.7071059942 0 -0.7071076035 0.7071076035 0 -0.7071059942 50305.dat
1 15 -603.9987793 -218.7587433 -1348.080078 0 -1 0 0.7071057558 0 0.7071077824 -0.7071077228 0 0.7071056962 3036.dat
1 15 -611.9989014 -140.9770966 -1397.57605 0 -1 0 -0.7071059942 0 -0.7071075439 0.7071074843 0 -0.7071059346 50304.dat
1 15 -579.9990845 -176.3323517 -1305.653809 0 -1 0 -0.7071057558 0 -0.7071071863 0.7071077228 0 -0.7071054578 6143.dat
1 15 -603.9990234 -133.9058228 -1263.22522 0 -1.000000119 0 -0.7071057558 0 -0.7071077824 0.7071077228 0 -0.7071056962 3958.dat
1 15 -611.9989624 -63.19504547 -1192.516968 0 -1 0 0.7071077824 0 -0.7071057558 0.7071056962 0 0.7071077228 2445.dat
1 15 -603.9985352 -49.05291367 -1178.374756 0 -1.000000119 0 0.7071077824 0 -0.707105577 0.7071056962 0 0.7071070671 3032.dat
1 15 -611.9985352 -98.55007935 -1157.161133 0 -1.000000119 0 -0.7071059942 0 -0.7071075439 0.7071074843 0 -0.7071059346 47397.dat
1 15 -579.9985352 -63.19503784 -1192.516968 0 -1.000000119 0 -0.707105577 0 -0.7071077824 0.7071070671 0 -0.7071056962 6143.dat
1 71 -549.9990845 -63.19504547 -1192.516846 0 1.000000119 0 -0.7071053386 0 0.7071080208 0.7071073055 0 0.7071054578 32014.dat
1 0 -549.9990845 -90.06508636 -1219.387207 -3.139165585e-7 0 -1.000000238 0.707107842 0.7071055174 -2.219727975e-7 0.7071056366 -0.7071071267 -2.219721011e-7 32062.dat
1 0 -579.9984741 -63.19399643 -1192.515991 -1.000000238 0 3.139165585e-7 -2.219727975e-7 0.7071053982 -0.707107842 -2.219721011e-7 -0.7071072459 -0.7071056366 32062.dat
1 15 -611.9985962 -27.83942223 -1227.872192 0 -1.000000119 0 -0.7071059942 0 -0.7071075439 0.7071074843 0 -0.7071059346 47398.dat
1 15 -603.9990234 21.65796471 -1107.664063 0 -1 0 0.7071077824 0 -0.7071057558 0.7071056962 0 0.7071077228 3020.dat
1 15 -611.9984131 35.80028915 -1065.237549 0 -1 0 -0.7071059942 0 -0.7071075439 0.7071074843 0 -0.7071059346 41770.dat
1 15 -611.9987793 64.08456421 -1093.521729 0 -1 0 -0.7071059942 0 -0.7071075439 0.7071074843 0 -0.7071059346 41769.dat
1 15 -611.9989624 -204.6166687 -1333.93811 0 -1 0 -0.7071077824 0 0.7071057558 -0.7071056962 0 -0.7071077228 3036.dat
1 0 -579.9990845 -176.3324585 -1305.653931 1.000000238 0 -3.139165585e-7 2.219725701e-7 0.7071059942 0.7071071267 2.219720727e-7 -0.7071079612 0.7071055174 32062.dat
1 0 -549.9987793 -97.13636017 -1226.45813 0 -1 -3.258413699e-7 0.7071061134 -2.304048081e-7 0.7071073055 -0.7071073651 -2.304044386e-7 0.707106173 32039.dat
1 0 -549.9990845 -109.8641129 -1242.01416 0 1.000000358 0 -0.707105279 0 0.7071083188 0.7071086764 0 0.7071051598 3706.dat
1 0 -549.9990845 -156.2994537 -1195.575928 1.000000358 0 -3.139165869e-7 2.219720869e-7 -0.7071085572 0.707105577 -2.219730106e-7 -0.7071055174 -0.7071084976 30552.dat
1 71 -549.9989014 -125.3379211 -1225.993408 -1 -5.960465188e-8 -2.30404666e-7 -1.20773592e-7 0.7071075439 0.707106173 2.050677352e-7 0.7071058154 -0.7071077824 6590.dat
1 71 -549.9989014 -95.63986969 -1255.691406 -1 -5.960465188e-8 -2.30404666e-7 -1.20773592e-7 0.7071075439 0.707106173 2.050677352e-7 0.7071058154 -0.7071077824 6590.dat
1 0 -549.9991455 -67.43762207 -1284.440918 -1.000000358 0 3.139165869e-7 -2.219720727e-7 -0.70710814 -0.7071055174 2.219729822e-7 -0.7071053386 0.707108438 30552.dat
1 0 -569.9989014 -176.332489 -1305.653809 0 3.258413983e-7 -1.000000119 0.7071054578 -0.7071074843 -2.30404865e-7 -0.7071076632 -0.7071056366 -2.304042681e-7 32039.dat
1 0 -549.9992065 -162.2736664 -1320.260864 3.139165869e-7 0 1.000000358 0.7071073651 0.7071064711 -2.219726554e-7 -0.7071065903 0.7071070075 2.219724138e-7 3707.dat
1 0 -549.9991455 -220.4034576 -1262.130493 0 -1.000000238 0 0.7071064115 0 -0.7071076632 0.7071070671 0 0.7071067691 59443.dat
1 0 -549.9990845 -234.5455475 -1247.988647 0 -1.000000238 0 0.7071076035 0 0.707106173 -0.7071063519 0 0.7071073055 32062.dat
1 0 -549.9990845 -248.6876984 -1233.846191 1.000000358 0 -3.139165869e-7 2.219726696e-7 -0.7071067095 0.7071074247 -2.21972428e-7 -0.7071073651 -0.7071066499 30552.dat
1 71 -549.9989624 -190.4745941 -1291.511475 -1 -5.960465188e-8 -2.30404666e-7 -1.20773592e-7 0.7071075439 0.707106173 2.050677352e-7 0.7071058154 -0.7071077824 6590.dat
1 71 -549.9989624 -162.1903687 -1319.795776 -1 -5.960465188e-8 -2.30404666e-7 -1.20773592e-7 0.7071075439 0.707106173 2.050677352e-7 0.7071058154 -0.7071077824 6590.dat
1 0 -549.9993286 -105.7050323 -1376.829468 -1.000000358 0 3.139165869e-7 -2.219726696e-7 -0.7071064115 -0.7071074247 2.219723854e-7 -0.7071070671 0.7071065307 30552.dat
1 0 -549.9991455 -89.39515686 -1387.726563 1 0 -3.139164733e-7 2.900262075e-7 -0.3826432824 0.9238961339 -1.201180311e-7 -0.9238961339 -0.3826432824 30553.dat
1 0 -549.9991455 -70.91717529 -1395.380005 3.139164733e-7 0 1 0.9238956571 0.3826430738 -2.900260654e-7 -0.3826434016 0.9238952398 1.201180737e-7 32062.dat
1 0 -549.9991455 -43.2003479 -1406.859253 0 -1.000000119 0 0.3826426566 0 -0.9238965511 0.9238959551 0 0.3826434314 32034.dat
1 0 -549.9991455 -15.48349667 -1418.338013 3.139164733e-7 0 1 0.9238960743 0.382643193 -2.900262075e-7 -0.3826437891 0.9238957763 1.201181874e-7 32062.dat
1 0 -549.9991455 2.994520187 -1425.991211 -1 0 3.139164733e-7 -2.900260938e-7 -0.3826439679 -0.9238957167 1.201184574e-7 -0.9238954186 0.3826446533 30553.dat
1 15 -611.9990234 34.4417305 -1469.817871 0 -1 0 -1 0 3.139164733e-7 -3.139164733e-7 0 -1 50305.dat
1 15 -603.9990234 124.4418182 -1489.817871 0 -1 0 1 0 0 0 0 1 3036.dat
1 15 -611.9992065 124.4416962 -1469.817871 0 -1 0 0 0 1 -1 0 0 3036.dat
1 15 -603.9992065 124.4416733 -1369.817749 0 -1.000000119 0 -1 0 0 0 0 -1 3958.dat
1 15 -579.9992676 124.441658 -1429.817993 0 -1 0 -1 0 0 0 0 -1 6143.dat
1 0 -579.9992676 124.4416733 -1429.817993 1.000000238 0 -3.139165585e-7 0 1.000000238 0 3.139165017e-7 0 1.000000119 32062.dat
1 15 -611.9986572 74.44173431 -1269.817383 0 -1.000000119 0 -1 0 3.139164733e-7 -3.139164733e-7 0 -1 47397.dat
1 15 -603.9987183 124.4417648 -1249.817871 0 -1.000000119 0 0 0 -1 1 0 0 3032.dat
1 15 -611.9992065 124.4417038 -1269.817749 0 -1 0 0 0 -1 1 0 0 2445.dat
1 15 -603.9991455 124.4417343 -1149.817627 0 -1 0 0 0 -1 1 0 0 3020.dat
1 15 -611.9985352 104.4415588 -1109.817383 0 -1 0 -1 0 3.139164733e-7 -3.139164733e-7 0 -1 41770.dat
1 15 -611.9989624 144.4416351 -1109.817383 0 -1 0 -1 0 3.139164733e-7 -3.139164733e-7 0 -1 41769.dat
1 15 -579.9986572 124.4417648 -1269.817871 0 -1.000000119 0 -1 0 0 0 0 -1 6143.dat
1 71 -549.9992676 124.4417801 -1269.817871 0 1.000000119 0 -1 0 3.139164733e-7 3.139164733e-7 0 1 32014.dat
1 0 -549.9992676 124.4418182 -1307.817871 -3.139165585e-7 0 -1.000000238 0 1 0 1.000000119 0 -3.139165017e-7 32062.dat
1 0 -579.9986572 124.4418182 -1269.816406 -1.000000238 0 3.139165585e-7 0 0.9999998808 0 -3.139165017e-7 0 -1.000000119 32062.dat
1 15 -611.9987793 174.4417877 -1269.817383 0 -1.000000119 0 -1 0 3.139164733e-7 -3.139164733e-7 0 -1 47398.dat
1 15 -611.9991455 214.4417572 -1469.817871 0 -1 0 -1 0 3.139164733e-7 -3.139164733e-7 0 -1 50304.dat
1 0 -549.9993286 124.4415741 -1317.818115 0 -1.000000119 -3.258413983e-7 0.999999702 0 0 0 -3.258412846e-7 0.9999997616 32039.dat
1 0 -549.9990845 126.1715164 -1337.43103 0 1.000000596 0 -1.000000477 0 3.139166154e-7 3.139165869e-7 0 1.000000358 3706.dat
1 0 -549.9990845 60.50014496 -1337.428955 1.000000596 0 -3.139166722e-7 3.139166154e-7 0 1.000000477 0 -1.000000477 0 30552.dat
1 71 -549.9990845 104.1715164 -1337.43103 -1 -5.960465188e-8 -2.30404666e-7 -2.304047229e-7 -2.304047229e-7 1.000000358 5.960465188e-8 1 2.30404666e-7 6590.dat
1 71 -549.9990845 146.1715393 -1337.43103 -1 -5.960465188e-8 -2.30404666e-7 -2.304047229e-7 -2.304047229e-7 1.000000358 5.960465188e-8 1 2.30404666e-7 6590.dat
1 0 -549.9990845 186.1716156 -1337.43103 -1.000000596 0 3.139166722e-7 -3.139166154e-7 0 -1.000000477 0 -1.000000358 0 30552.dat
1 0 -569.9995117 124.4415054 -1429.818115 0 3.258414552e-7 -1.000000238 0.9999993443 0 0 0 -0.9999994636 -3.258411994e-7 32039.dat
1 0 -549.9992065 144.4417114 -1429.817993 3.139165585e-7 0 1.000000238 1.000000358 0 -3.139165869e-7 0 1.000000119 0 3707.dat
1 0 -549.9991455 62.23327637 -1429.817383 0 -1.000000238 0 0 0 -1.000000715 1 0 0 59443.dat
1 0 -549.9991455 42.23332596 -1429.817383 0 -1.000000238 0 1.000000358 0 -3.139165869e-7 3.139164733e-7 0 1 32062.dat
1 0 -549.9991455 22.23330498 -1429.817383 1.000000238 0 -3.139165585e-7 3.139165869e-7 0 1.000000358 0 -1.000000238 0 30552.dat
1 71 -549.9991455 104.4416809 -1429.817993 -1 -5.960465188e-8 -2.30404666e-7 -2.304047229e-7 -2.304047229e-7 1.000000358 5.960465188e-8 1 2.30404666e-7 6590.dat
1 71 -549.9991455 144.4416809 -1429.817993 -1 -5.960465188e-8 -2.30404666e-7 -2.304047229e-7 -2.304047229e-7 1.000000358 5.960465188e-8 1 2.30404666e-7 6590.dat
1 0 -549.9991455 224.4417419 -1429.817993 -1.000000238 0 3.139165585e-7 -3.139165869e-7 0 -1.000000358 0 -1.000000119 0 30552.dat
1 0 -549.9991455 205.4100494 -1333.60376 1 0 -3.139164733e-7 2.900156346e-7 0.3827246726 0.9238624573 1.201435822e-7 -0.9238624573 0.3827246726 30553.dat
1 0 -549.9991455 223.8873444 -1325.949585 3.139164733e-7 0 1 0.9238625169 -0.3827244639 -2.90015663e-7 0.3827244937 0.92386204 -1.201435254e-7 32062.dat
1 0 -549.9991455 251.6033173 -1314.467407 0 -1.000000119 0 -0.3827248216 0 -0.9238623977 0.9238622785 0 -0.3827248812 32034.dat
1 0 -549.9995117 279.309967 -1302.98291 0 0.9999999404 0 0.9238806367 0 0.3826814592 0.3826819956 0 -0.9238801003 32062.dat
1 0 -549.9995117 297.7875061 -1295.329346 -1 0 3.139164733e-7 -2.900211484e-7 0.3826815784 -0.923879981 -1.201299824e-7 -0.9238804579 -0.3826813698 30553.dat
1 15 -611.9985352 274.7361755 -1228.178467 0 -1 0 -0.7071372867 0 0.7070763111 -0.7070763111 0 -0.7071372867 47397.dat
1 15 -603.9985352 295.9515991 -1178.682007 0 -1 0 -0.7070760131 0 -0.7071372867 0.7071374655 0 -0.7070761919 3032.dat
1 15 -579.9985962 310.0933533 -1192.825073 0 -1 0 -0.7071356773 0 0.707074821 -0.707075417 0 -0.7071362734 6143.dat
1 0 -579.9986572 310.0921021 -1192.82373 -1.000000119 0 3.139165017e-7 2.21962793e-7 0.7071375847 0.7070759535 -2.219821198e-7 0.7070758939 -0.7071375251 32062.dat
1 71 -549.9991455 310.0944824 -1192.824951 0 1 0 -0.7071376443 0 -0.7070757747 -0.7070758343 0 0.7071377039 32014.dat
1 0 -549.9991455 336.9624023 -1219.695923 -3.139165017e-7 0 -1.000000119 -0.7070759535 0.7071374655 2.21962793e-7 0.7071375251 0.7070760131 -2.219821198e-7 32062.dat
1 15 -611.9992065 310.0931702 -1192.824829 0 -1 0 -0.7070760131 0 -0.7071374059 0.7071374655 0 -0.7070760727 2445.dat
1 15 -603.9990234 225.2444305 -1107.968384 0 -1 0 -0.7070759535 0 -0.7071372867 0.7071374059 0 -0.7070760727 3020.dat
1 15 -611.9989014 211.1036072 -1065.541016 0 -1 0 -0.7071371675 0 0.7070762515 -0.7070763111 0 -0.7071372271 41769.dat
1 15 -611.9984131 182.8183136 -1093.824219 0 -1 0 -0.7071370482 0 0.7070761919 -0.7070763111 0 -0.7071371675 41770.dat
1 15 -603.9991455 380.8009033 -1263.538452 0 -1 0 -0.7071374059 0 0.7070760131 -0.7070760727 0 -0.7071374655 3958.dat
1 15 -611.9986572 345.4498901 -1157.470581 0 -1 0 -0.7071371675 0 0.7070762515 -0.7070763111 0 -0.7071372271 47398.dat
1 15 -579.9992065 423.2251587 -1305.966675 0 -1 0 -0.7071374059 0 0.7070753574 -0.7070760727 0 -0.7071357369 6143.dat
1 0 -579.9992065 423.2253418 -1305.966797 1.000000119 0 -3.139165017e-7 -2.219626225e-7 0.7071377039 -0.707075417 2.219815372e-7 0.7070762515 0.7071356773 32062.dat
1 15 -603.9988403 465.6503296 -1348.39502 0 -1 0 0.7071374059 0 -0.7070760131 0.7070760727 0 0.7071374655 3036.dat
1 15 -611.9992065 451.5084229 -1334.252319 0 -1 0 0.7070760131 0 0.7071374059 -0.7071374655 0 0.7070760727 3036.dat
1 15 -611.9989624 387.8661499 -1397.889038 0 -1 0 -0.7071371675 0 0.7070762515 -0.7070763111 0 -0.7071372271 50305.dat
1 15 -611.9990845 515.1507568 -1270.615234 0 -1 0 -0.7071371675 0 0.7070762515 -0.7070763111 0 -0.7071372271 50304.dat
1 0 -549.9989014 344.0328369 -1226.767822 0 -0.9999999404 -3.258413415e-7 0.707136929 2.3039469e-7 -0.7070762515 0.7070765495 -2.304145568e-7 0.7071372271 32039.dat
1 0 -549.9994507 360.5381165 -1237.999023 0 1.000000119 0 -0.7071381211 0 -0.7070760727 -0.7070759535 0 0.7071378827 3706.dat
1 0 -549.9994507 314.0979309 -1284.432251 1.000000119 0 -3.139165017e-7 2.219822619e-7 0.7070763111 0.7071380019 2.219629067e-7 -0.7071377635 0.7070763111 30552.dat
1 71 -549.9990234 343.5673523 -1254.969116 -0.9999999404 -5.960464478e-8 -2.304046376e-7 -2.050728796e-7 -0.7070763707 0.7071377039 -1.207649518e-7 0.7071374655 0.7070763707 6590.dat
1 71 -549.9990234 373.2669678 -1225.272095 -0.9999999404 -5.960464478e-8 -2.304046376e-7 -2.050728796e-7 -0.7070763707 0.7071377039 -1.207649518e-7 0.7071374655 0.7070763707 6590.dat
1 0 -549.9994507 402.9663696 -1195.574463 -1.000000119 0 3.139165017e-7 -2.219822335e-7 0.7070763111 -0.7071378827 -2.219628641e-7 -0.7071376443 -0.7070761919 30552.dat
1 0 -569.9990845 423.2249756 -1305.967163 0 3.258413699e-7 -1 0.7071375847 0.7070757151 2.303945195e-7 0.7070758939 -0.7071374059 -2.304146278e-7 32039.dat
1 0 -549.9990845 438.7826843 -1290.411133 3.139165017e-7 0 1.000000119 0.7071365714 -0.7070772648 -2.219818214e-7 0.7070775032 0.7071362138 -2.219632762e-7 3707.dat
1 0 -549.9990845 380.6499634 -1348.538452 0 -1 0 -0.7070773244 0 -0.707136929 0.7071361542 0 -0.7070778608 59443.dat
1 0 -549.9990845 366.5071106 -1362.679932 0 -1 0 0.7071359158 0 -0.7070775628 0.7070775628 0 0.7071359158 32062.dat
1 0 -549.9992676 352.364624 -1376.821655 1.000000119 0 -3.139165017e-7 2.219818498e-7 0.7070776224 0.7071366906 2.219633188e-7 -0.7071364522 0.7070776224 30552.dat
1 71 -549.9990845 409.0832825 -1320.108643 -0.9999999404 -5.960464478e-8 -2.304046376e-7 -2.050728796e-7 -0.7070763707 0.7071377039 -1.207649518e-7 0.7071374655 0.7070763707 6590.dat
1 71 -549.9990845 437.3686218 -1291.825439 -0.9999999404 -5.960464478e-8 -2.304046376e-7 -2.050728796e-7 -0.7070763707 0.7071377039 -1.207649518e-7 0.7071374655 0.7070763707 6590.dat
1 0 -549.9990234 495.3535461 -1233.845581 -1.000000119 0 3.139165017e-7 -2.219817929e-7 0.7070773244 -0.7071365118 -2.219632904e-7 -0.7071361542 -0.7070775628 30552.dat
1 0 -549.9994507 413.8640747 -1179.264893 1 0 -3.139164733e-7 1.201304087e-7 0.9238798618 0.3826827109 2.9002112e-7 -0.3826827109 0.9238798618 30553.dat
1 0 -549.9994507 421.5180359 -1160.787476 3.139164733e-7 0 1 0.3826826811 -0.9238794446 -1.201303945e-7 0.9238794446 0.3826826811 -2.900209779e-7 32062.dat
1 0 -549.9993896 432.9984741 -1133.070923 0 -1.000000238 0 -0.9238798618 0 -0.3826823533 0.3826826513 0 -0.9238795638 32034.dat
1 0 -549.9992676 444.4807129 -1105.354004 -3.139164733e-7 0 -1 -0.3827237189 -0.9238626361 1.201432838e-7 -0.9238624573 0.3827239573 2.900156346e-7 32062.dat
1 0 -549.9992065 452.1349487 -1086.876709 -1.000000119 0 3.139165017e-7 -1.20143369e-7 0.9238626957 -0.3827239871 -2.900156062e-7 -0.3827241659 -0.9238623381 30553.dat
1 15 -603.9987793 368.3465881 -1003.700256 0 -1 0 -1 0 0 0 0 -1 3032.dat
1 15 -611.9987793 388.3462524 -1053.700317 0 -1 0 3.139164733e-7 0 1 -1 0 3.139164733e-7 47397.dat
1 15 -603.9993286 488.3464966 -1003.700378 0 -0.9999998808 0 0 0 1 -1 0 0 3958.dat
1 15 -611.9992065 388.3465881 -1003.700378 0 -0.9999998808 0 -1 0 0 0 0 -1 2445.dat
1 15 -603.9992065 268.3465271 -1003.700256 0 -0.9999998808 0 -1 0 0 0 0 -1 3020.dat
1 15 -611.9985352 228.3461761 -1023.7005 0 -0.9999998808 0 3.139164733e-7 0 1 -1 0 3.139164733e-7 41770.dat
1 15 -611.9990234 228.3461761 -983.7003784 0 -0.9999998808 0 3.139164733e-7 0 1 -1 0 3.139164733e-7 41769.dat
1 15 -611.9988403 388.3461914 -953.7001343 0 -1 0 3.139164733e-7 0 1 -1 0 3.139164733e-7 47398.dat
1 15 -579.9993286 548.3466797 -1003.700439 0 -0.9999998808 0 0 0 1.000000119 -1 0 0 6143.dat
1 0 -579.9993286 548.3468018 -1003.700378 1 0 -3.139164733e-7 -3.139165017e-7 0 -1.000000119 0 1.000000238 0 32062.dat
1 15 -603.9990234 608.3466187 -1003.700256 0 -0.9999998808 0 0 0 -1 1 0 0 3036.dat
1 15 -611.9992676 588.3466797 -1003.700378 0 -0.9999998808 0 1 0 0 0 0 1 3036.dat
1 15 -611.9990845 588.3466797 -1093.700195 0 -0.9999998808 0 3.139164733e-7 0 1 -1 0 3.139164733e-7 50305.dat
1 15 -611.9991455 588.3466187 -913.7003784 0 -0.9999998808 0 3.139164733e-7 0 1 -1 0 3.139164733e-7 50304.dat
1 15 -579.9987793 388.3466187 -1003.700256 0 -1 0 0 0 1.000000119 -1 0 0 6143.dat
1 0 -579.9989014 388.3451538 -1003.700256 -1 0 3.139164733e-7 3.139165017e-7 0 1.000000119 0 0.9999998808 0 32062.dat
1 71 -549.9994507 388.3465881 -1003.700134 0 0.9999998808 0 -3.139165017e-7 0 -1.000000119 -1 0 3.139164733e-7 32014.dat
1 0 -549.9994507 426.3465881 -1003.700134 -3.139164733e-7 0 -1 -1.000000119 0 3.139165017e-7 0 1 0 32062.dat
1 0 -549.9992676 436.346283 -1003.700256 0 -0.9999999404 -3.258413415e-7 0 3.258412846e-7 -0.9999997616 1 0 0 32039.dat
1 0 -549.9992676 455.9620361 -1007.638367 0 -1.000000119 0 -3.139165585e-7 0 -1.000000238 1.000000477 0 -3.139166154e-7 3706.dat
1 0 -549.9992676 455.9620972 -1067.638428 1.000000119 0 -3.139165017e-7 0 1.000000238 0 3.139166154e-7 0 1.000000477 30552.dat
1 71 -549.9992676 455.9597168 -1023.97052 -0.9999998808 -5.960464122e-8 -2.304046234e-7 -5.960464478e-8 -0.9999999404 -2.304046376e-7 -2.304047229e-7 -2.304047229e-7 1.000000358 6590.dat
1 71 -549.9992676 455.9597168 -981.97052 -0.9999998808 -5.960464122e-8 -2.304046234e-7 -5.960464478e-8 -0.9999999404 -2.304046376e-7 -2.304047229e-7 -2.304047229e-7 1.000000358 6590.dat
1 0 -549.9992065 455.9599304 -941.967041 -1.000000119 0 3.139165017e-7 0 1.000000358 0 -3.139166154e-7 0 -1.000000477 30552.dat
1 0 -569.9993896 548.3462524 -1003.700378 0 3.258413983e-7 -1.000000119 0 0.9999994636 3.258411994e-7 0.9999996424 0 0 32039.dat
1 0 -549.9992676 548.3464966 -983.7002563 3.139165017e-7 0 1.000000119 0 -1 0 1.000000477 0 -3.139166154e-7 3707.dat
1 0 -549.9992676 548.3460693 -1065.908569 0 -1.000000119 0 -1 0 0 0 0 -1.000000834 59443.dat
1 0 -549.9991455 548.3460083 -1085.908569 0 -1.000000119 0 -3.139164733e-7 0 -1 1.000000477 0 -3.139166154e-7 32062.dat
1 0 -549.9992065 548.3460083 -1105.908569 1.000000119 0 -3.139165017e-7 0 1.000000238 0 3.139166154e-7 0 1.000000477 30552.dat
1 71 -549.9992676 548.3466797 -1023.700256 -0.9999998808 -5.960464122e-8 -2.304046234e-7 -5.960464478e-8 -0.9999999404 -2.304046376e-7 -2.304047229e-7 -2.304047229e-7 1.000000358 6590.dat
1 71 -549.9992676 548.3466797 -983.7002563 -0.9999998808 -5.960464122e-8 -2.304046234e-7 -5.960464478e-8 -0.9999999404 -2.304046376e-7 -2.304047229e-7 -2.304047229e-7 1.000000358 6590.dat
1 0 -549.9992065 548.3464966 -903.7002563 -1.000000119 0 3.139165017e-7 0 1 0 -3.139166154e-7 0 -1.000000477 30552.dat
1 0 -549.9989624 413.8728638 -830.3266602 -1 0 3.139164733e-7 1.201412658e-7 0.9238654971 0.3827172816 -2.90016601e-7 0.3827172816 -0.9238654971 30553.dat
1 0 -549.9987793 421.5274658 -848.803894 -3.139164733e-7 0 -1 0.3827175498 -0.9238650799 -1.201413369e-7 -0.9238653779 -0.3827172518 2.900165725e-7 32062.dat
1 0 -549.9987793 432.9993286 -876.5341797 0 -1 0 -0.9238784909 0 0.3826871514 -0.3826870918 0 -0.9238781333 32034.dat
1 0 -549.9987793 444.4805603 -904.2501221 0 -1 0 0.3826452792 0 0.9238949418 -0.9238952994 0 0.3826452196 32062.dat
1 0 -549.9987793 452.1335449 -922.7281494 1 0 -3.139164733e-7 -1.201187274e-7 0.9238958955 -0.3826454878 2.900258096e-7 0.3826453686 0.9238948226 30553.dat
1 15 -587.9988403 237.3994141 -979.2024536 0 -1 0 0.3826857805 0 0.9238785505 -0.9238785505 0 0.3826857805 41770.dat
1 15 -579.9994507 266.7008057 -945.4174194 0 -1.000000119 0 -0.9238784909 0 0.3826855719 -0.3826855123 0 -0.9238785505 3020.dat
1 15 -587.9995117 377.5662537 -899.4950562 0 -1.000000119 0 -0.9238784909 0 0.3826855719 -0.3826855123 0 -0.9238785505 2445.dat
1 15 -579.9995117 469.9541626 -861.2265625 0 -1.000000119 0 0.3826855421 0 0.9238785505 -0.923879385 0 0.3826854825 3958.dat
1 15 -587.9993896 543.8644409 -830.6118774 0 -1.000000119 0 0.3826855421 0 0.9238785505 -0.923879385 0 0.3826854825 3958.dat
1 15 -579.9992676 562.3419189 -822.9580078 0 -1 0 0.3826854527 0 0.9238785505 -0.9238786697 0 0.3826853931 3035.dat
1 15 -587.9993896 596.7838135 -906.1070557 0 -1 0 0.3826859295 0 0.9238783717 -0.9238784909 0 0.3826858699 50305.dat
1 15 -587.9992676 527.9003906 -739.8088379 0 -1 0 0.3826857805 0 0.9238784313 -0.9238785505 0 0.3826857209 50304.dat
1 15 -587.9990845 396.70047 -945.6887207 0 -1.000000358 0 0.3826857805 0 0.9238784313 -0.9238785505 0 0.3826857209 47397.dat
1 15 -579.9990234 359.0885925 -907.1484375 0 -1.000000358 0 -0.9238786101 0 0.3826853931 -0.3826853335 0 -0.9238794446 3032.dat
1 71 -569.9990234 340.6111755 -914.8021851 2.304047229e-7 2.304047229e-7 -1.000000358 -0.9238785505 -0.3826854825 -3.010384262e-7 -0.3826852441 0.923879385 1.246936279e-7 6590.dat
1 71 -537.9990234 340.6106262 -914.8015747 1.000000119 0 -3.139165017e-7 -1.201305793e-7 0.9238793254 -0.3826832473 2.900210632e-7 0.3826832175 0.9238797426 4519.dat
1 15 -587.9990234 358.4319458 -853.3006592 0 -1.000000358 0 0.3826857805 0 0.9238784313 -0.9238785505 0 0.3826857209 47398.dat
1 15 -587.9992676 222.09198 -942.2473145 0 -1 0 0.3826857805 0 0.9238784313 -0.9238785505 0 0.3826857209 41769.dat
1 0 -549.9990234 340.6106567 -914.8015137 0.9999999404 8.940696716e-8 0 8.260262518e-8 -0.3826463521 -0.923894763 3.421124006e-8 0.923895061 -0.3826461434 32013.dat
1 0 -549.9990234 405.2826843 -888.0145264 0 -1 0 0.9238786697 0 -0.3826844096 0.3826842904 0 0.9238789082 3706.dat
1 71 -549.9990234 396.0440063 -891.8416138 -0.9999995828 -5.960462346e-8 -2.304045523e-7 -2.356757136e-7 -0.3826841712 0.9238787889 -3.310467989e-8 0.923879087 0.3826842308 6590.dat
1 71 -549.9985962 414.5206909 -884.185791 -5.960463767e-8 -0.9999998212 -2.304046092e-7 0.3826453686 -1.900621811e-7 0.9238948226 -0.9238951206 -1.432317163e-7 0.3826452196 6590.dat
1 0 -549.9990234 460.7150879 -865.0533447 -1 0 0 0 -0.3826467097 0.9238952994 0 0.9238954782 0.3826463521 59443.dat
1 0 -549.9985352 534.6264038 -834.4411011 -3.139164733e-7 0 -1 0.9238792062 0.3826842308 -2.900208926e-7 0.3826841712 -0.9238794446 -1.201308635e-7 3707.dat
1 71 -549.991394 506.9094238 -845.9193115 -0.9999995828 -5.960462346e-8 -2.304045523e-7 -2.356757136e-7 -0.3826841712 0.9238787889 -3.310467989e-8 0.923879087 0.3826842308 6590.dat
1 71 -549.987915 543.864563 -830.6120605 -0.9999995828 -5.960462346e-8 -2.304045523e-7 -2.356757136e-7 -0.3826841712 0.9238787889 -3.310467989e-8 0.923879087 0.3826842308 6590.dat
1 71 -549.9985962 562.3425293 -822.9602661 -5.960463767e-8 -0.9999998212 -2.304046092e-7 0.3826451898 -1.900621953e-7 0.9238948226 -0.9238952398 -1.432317305e-7 0.3826452196 6590.dat
1 0 -549.9987793 617.7758179 -799.9998169 -0.9999999404 -8.940696716e-8 0 -8.26012041e-8 -0.382684201 0.9238787293 -3.421460093e-8 0.923879385 0.382683903 32013.dat
1 71 -549.9989624 377.5661011 -899.494812 -5.960463767e-8 -0.9999998212 -2.304046092e-7 0.3826453388 -1.900621953e-7 0.9238948822 -0.9238950014 -1.432317163e-7 0.3826452494 6590.dat
1 71 -549.9990234 488.4304504 -853.5700684 -5.960463767e-8 -0.9999998212 -2.304046092e-7 0.3826453388 -1.900621953e-7 0.9238948822 -0.9238950014 -1.432317163e-7 0.3826452494 6590.dat
1 0 -569.9991455 580.8191528 -815.3046875 0 3.258413699e-7 -1 0.9238782525 0.3826853037 1.246947079e-7 0.3826849461 -0.9238789082 -3.010379714e-7 32039.dat
1 0 -549.9989624 506.2483826 -792.0683594 -1 0 3.139164733e-7 1.201419195e-7 0.9238646626 0.3827193975 -2.900163452e-7 0.3827193975 -0.9238646626 30553.dat
1 0 -549.9989624 513.902832 -810.5456543 3.139164733e-7 0 1 -0.382720083 -0.9238641262 1.201421327e-7 0.9238639474 -0.3827199936 -2.900161178e-7 32062.dat
1 0 -549.9989624 525.3874512 -838.2678833 0 -1.000000119 0 -0.9238788486 0 0.3826872408 -0.3826869428 0 -0.9238784313 32034.dat
1 0 -549.9993286 536.864624 -865.9845581 3.139164733e-7 0 1 -0.3827228546 -0.9238636494 1.201430138e-7 0.9238633513 -0.3827224672 -2.900159188e-7 32062.dat
1 0 -549.9993896 544.5189209 -884.461792 1 0 -3.139164733e-7 -1.201431132e-7 0.923864305 -0.3827231824 2.900158904e-7 0.3827228248 0.9238632321 30553.dat
1 15 -611.9989624 271.7575684 -778.4391479 0 -1 0 0.7071049809 0 0.7071085572 -0.7071085572 0 0.7071049809 47398.dat
1 15 -603.9987793 292.9709167 -827.9364624 0 -1 0 -0.707108736 0 0.7071048617 -0.7071046829 0 -0.7071085572 3032.dat
1 15 -579.9987183 307.1131592 -813.7943115 0 -1 0 0.7071045637 0 0.7071083188 -0.7071080208 0 0.7071042657 6143.dat
1 0 -579.9988403 307.1120605 -813.795166 -1 0 3.139164733e-7 2.219730959e-7 -0.7071045637 0.7071087956 2.219717885e-7 0.7071088552 0.7071046233 32062.dat
1 71 -549.9994507 307.1130981 -813.7944946 0 0.9999998808 0 0.7071045041 0 -0.7071089745 -0.7071089149 0 -0.7071044445 32014.dat
1 0 -549.9994507 333.9832153 -786.9243164 -3.139164733e-7 0 -1 -0.7071087956 -0.7071046829 2.219730959e-7 -0.7071046233 0.707108736 2.219717885e-7 32062.dat
1 15 -611.9992065 307.1131592 -813.7943115 0 -0.9999998808 0 -0.707108736 0 0.7071047425 -0.7071046829 0 -0.7071086764 2445.dat
1 15 -603.9993286 222.2599945 -898.6472168 0 -0.9999998808 0 -0.707108736 0 0.7071048021 -0.7071046829 0 -0.7071086168 3020.dat
1 15 -611.9992065 179.8333588 -912.7893677 0 -0.9999998808 0 0.7071049809 0 0.7071084976 -0.707108438 0 0.7071049213 41769.dat
1 15 -611.9987183 208.1176453 -941.0736084 0 -0.9999998808 0 0.7071049809 0 0.7071084976 -0.707108438 0 0.7071049213 41770.dat
1 15 -603.9992676 377.8239136 -743.0840454 0 -0.9999998808 0 0.7071047425 0 0.707108736 -0.7071086764 0 0.7071046829 3958.dat
1 15 -611.9988403 342.4681091 -849.1499023 0 -1 0 0.7071049809 0 0.7071084976 -0.707108438 0 0.7071049213 47397.dat
1 15 -579.9993286 420.2507935 -700.657959 0 -0.9999998808 0 0.7071047425 0 0.7071080804 -0.7071086764 0 0.7071045041 6143.dat
1 0 -579.9992676 420.2506104 -700.6578979 1 0 -3.139164733e-7 -2.219728543e-7 -0.7071049213 -0.7071080208 -2.219717743e-7 0.7071089745 -0.7071045637 32062.dat
1 15 -603.9988403 462.677002 -658.2313232 0 -0.9999998808 0 -0.7071047425 0 -0.707108736 0.7071086764 0 -0.7071046829 3036.dat
