1 15 428.0002441 448.8049622 464.8516541 0 1 0 -0.7071072459 0 0.7071062922 0.7071062922 0 0.7071072459 3020.dat
1 15 436.0002441 441.7338257 429.4963379 0 1 0 -0.7071065307 0 -0.7071069479 -0.7071068883 0 0.7071064711 50305.dat
1 15 436.0002441 484.1603394 471.9227295 0 1 0 -0.7071065307 0 -0.7071069479 -0.7071068883 0 0.7071064711 50304.dat
0 STEP
1 15 428.0004578 448.8051758 295.1460266 0 0.9999999404 0 -0.7071062326 0 -0.7071070075 -0.7071070671 0 0.7071062922 3020.dat
1 15 436.0004272 441.7339783 330.5012817 0 0.9999999404 0 0.7071068883 0 -0.7071065307 -0.7071065307 0 -0.7071068883 50304.dat
1 15 436.0003357 484.1603394 288.0749817 0 0.9999999404 0 0.7071067691 0 -0.7071064711 -0.7071065307 0 -0.7071068287 50305.dat
0 STEP
1 15 436.0001526 583.1552124 471.9222107 0 1 0 -0.7071068883 0 0.7071065903 0.7071065307 0 0.7071068287 50305.dat
1 15 428.000061 618.5105591 464.8512268 0 1 0 0.7071062922 0 0.7071070075 0.7071070075 0 -0.7071062922 3020.dat
1 15 436.0002441 625.5814819 429.4958191 0 1 0 -0.7071067691 0 0.7071065307 0.7071065307 0 0.7071067691 50304.dat
0 STEP
1 15 436.0001526 625.581665 330.5010071 0 1 0 0.7071065903 0 0.7071065903 0.7071062326 0 -0.7071062326 50305.dat
1 15 428.0002441 618.5106201 295.1456909 0 1 0 0.7071067691 0 -0.7071063519 -0.7071059346 0 -0.7071063519 3020.dat
1 15 436.0002441 583.1552734 288.074646 0 1 0 0.7071065903 0 0.7071065307 0.7071061134 0 -0.707106173 50304.dat
0 STEP
1 15 444.0002441 533.6578979 379.9989319 0 1 0 0.7071064115 0 0.7071070671 0.7071070075 0 -0.7071063519 60474.dat

0 STEP
1 15 468.0000305 433.6504822 410.0020447 0 -1 0 -3.139164733e-7 0 -1 1 0 -3.139164733e-7 50305.dat
1 15 476.0000305 413.6505127 380.0016479 0 -1 0 -1 0 0 0 0 -1 3020.dat
1 15 468.0000305 433.6505432 350.0018005 0 -1 0 -3.139164733e-7 0 -1 1 0 -3.139164733e-7 50304.dat
0 STEP
1 15 467.9998474 503.6505737 480.0018311 0 -0.9999998808 0 1 0 -3.139164733e-7 3.139164733e-7 0 1 50304.dat
1 15 475.9998169 533.6504517 500.0018005 0 -0.9999998808 0 0 0 -1 1 0 0 3020.dat
1 15 467.999939 563.6504517 480.0018311 0 -0.9999998808 0 1 0 -3.139164733e-7 3.139164733e-7 0 1 50305.dat
0 STEP
1 15 468.0000305 503.6504211 280.001709 0 -1 0 -1 0 3.139164733e-7 -3.139164733e-7 0 -1 50305.dat
1 15 476.0001221 533.6502686 260.0016785 0 -1 0 0 0 1 -1 0 0 3020.dat
1 15 468.0000305 563.6502686 280.0018311 0 -1 0 -1 0 3.139164733e-7 -3.139164733e-7 0 -1 50304.dat
0 STEP
1 15 468.0000305 633.6505127 410.0018921 0 -1 0 3.139164733e-7 0 1 -1 0 3.139164733e-7 50304.dat
1 15 476.0000305 653.6505127 380.0019226 0 -1 0 1 0 0 0 0 1 3020.dat
1 15 468.0001221 633.6505737 350.0019531 0 -1 0 3.139164733e-7 0 1 -1 0 3.139164733e-7 50305.dat
0 STEP
1 15 460.0001831 533.6505127 380.001709 0 -1 0 0 0 -1 1.000000119 0 0 60474.dat
0 STEP
1 71 430.0002136 533.6535645 379.9987793 0 0 1 -1 0 0 0 -1 0 6590.dat
1 0 452.0001831 533.6535645 379.9987488 1 0 -3.139164733e-7 0 1 0 3.139165585e-7 0 1.000000238 3707.dat
1 71 470.0001831 533.6535645 379.9987183 2.304046376e-7 2.304046376e-7 -1 -0.9999999404 -5.960464478e-8 -2.304046376e-7 5.960465899e-8 1.000000119 2.304046944e-7 6590.dat
