1 72 860.0056763 588.1573486 491.2499084 1 0 0 0 1 0 0 0 1 3815.dat
1 25 860.0056763 600.1572266 490.9998779 1 0 0 0 1 0 0 0 1 3816.dat
1 25 860.0054932 600.1572266 490.9998474 1 0 0 0 1 0 0 0 1 3817.dat
1 25 860.0056763 556.1573486 491.2499084 1 0 0 0 1 0 0 0 1 973.dat
1 25 844.5056152 565.4073486 491.2499084 0.9744196534 -0.223588869 0.02267940342 0.1999784857 0.8166028857 -0.5414503813 0.1025423184 0.5321354866 0.8404270411 3818.dat
1 25 875.5055542 565.4073486 491.2498474 0.9592801929 0.2800364196 0.03689317405 -0.2497205883 0.9018732309 -0.3525119722 -0.1319890022 0.3289447427 0.9350799322 3819.dat
1 72 835.8754883 583.2098389 493.6091309 0.9837027192 -0.04703165218 0.173542127 0.1796099991 0.30164662 -0.9363492131 -0.008310373873 0.9522594213 0.3051779568 3820.dat
1 72 884.1415405 583.2417603 489.18396 0.984036088 0.08521707356 -0.156240508 -0.1778118759 0.5076760054 -0.8429995179 0.007481620181 0.8573234081 0.5147240758 3820.dat
1 14 860.0056763 532.1573486 491.2499084 1 0 0 0 1 0 0 0 1 3626c.dat
1 70 860.0056763 532.1573486 491.2499084 1 0 0 0 1 0 0 0 1 6093a.dat
1 25 -979.0005493 412.270874 -659.9990234 0 0 -1 0 1 0 1 0 0 3817.dat
1 72 -979.2506104 400.2709351 -659.9990234 0 0 -1 0 1 0 1 0 0 3815.dat
1 25 -979.0006714 412.270874 -659.9990234 0 0 -1 0 1 0 1 0 0 3816.dat
1 25 -979.2506104 368.2709351 -659.9990234 0 0 -1 0 1 0 1 0 0 973.dat
1 25 -979.2504272 377.5209045 -644.4989014 0.0073020868 0.6347157955 -0.7727112174 -0.3272414804 0.7317001224 0.5979362726 0.9449125528 0.2484969795 0.2130482495 3819.dat
1 72 -961.8036499 384.495697 -637.8757324 0 0 -1 -0.1736483425 0.9848077297 0 0.9848077297 0.1736483425 0 3820.dat
1 25 -979.2506104 377.5209351 -675.4990845 -0.01314672455 0.6410313845 -0.7674020529 0.2829747796 0.7384795547 0.6120238304 0.9590372443 -0.209109351 -0.1911043227 3818.dat
1 72 -961.8036499 384.4992065 -682.1229248 0 0 -1 0.1736478657 0.9848077893 0 0.9848077893 -0.1736478657 0 3820.dat
1 25 -961.0008545 -287.7292175 -599.9990845 0 0 -1 0 1 0 1 0 0 3816.dat
1 72 -961.2507935 -299.729126 -599.9990845 0 0 -1 0 1 0 1 0 0 3815.dat
1 25 -961.0008545 -287.7292175 -599.9992065 0 0 -1 0 1 0 1 0 0 3817.dat
1 25 -961.2507935 -331.729126 -599.9990845 0 0 -1 0 1 0 1 0 0 973.dat
1 25 -961.2507935 -322.4791565 -615.4991455 0.08869149536 0.9612752199 0.2609286606 0.2352029234 -0.2747645974 0.9323003292 0.9678912163 -0.02131622285 -0.2504641116 3818.dat
1 72 -946.6721802 -335.7528381 -618.3695679 -0.007939912379 0.909875989 -0.4148043692 0.1786692441 0.4094331264 0.8946741223 0.983877182 -0.06700915098 -0.1658177078 3820.dat
1 25 -961.2507935 -322.4791565 -584.4991455 0.1386543065 -0.4251011908 -0.8944629431 -0.2357847691 0.8630452752 -0.4467197061 0.9618630409 0.2728404701 0.01943282783 3819.dat
1 72 -961.1923218 -304.5354004 -575.8430176 -0.007909432054 -0.9063957334 -0.4223555624 -0.1786048561 0.4168575406 -0.8912519813 0.9838891029 0.06838545948 -0.1651837826 3820.dat
1 25 -90.00030518 -347.1855469 -996.7067871 -1 0 0 0 1 0 0 0 -1 3817.dat
1 72 -90.00030518 -359.2887573 -996.9500732 -1 0 0 0 0.9999998808 -0.0005198313156 0 -0.0005198313156 -0.9999998808 3815.dat
1 25 -90.00030518 -347.1855469 -996.7067871 -1 0 0 0 1 0 0 0 -1 3816.dat
1 25 -90.00030518 -391.2887573 -996.9334717 -1 0 0 0 0.9999998808 -0.0005198313156 0 -0.0005198313156 -0.9999998808 973.dat
1 25 -74.50027466 -382.0387878 -996.9382324 -0.9678911567 0.02131582052 0.2504642606 0.2352492362 -0.2742649019 0.9324358702 0.08856917918 0.9614179134 0.2604440153 3818.dat
1 72 -71.62989044 -395.3049011 -982.3527222 -0.9838771224 0.06700877845 0.1658180803 0.1786652654 0.4099061191 0.8944583535 -0.008033284917 0.9096630216 -0.4152694046 3820.dat
1 25 -105.5003204 -382.0387878 -996.9382324 -0.9618631005 -0.2728401721 -0.01943266392 -0.2357124388 0.8628242016 -0.4471845925 0.1387768835 -0.4255497754 -0.8942306042 3819.dat
1 72 -114.1564941 -364.0950317 -996.8890991 -0.9838891625 -0.06838487834 0.165183723 -0.178608641 0.4163863957 -0.8914714456 -0.007817092352 -0.906612277 -0.4218921959 3820.dat
1 72 860.0056763 588.1573486 491.2499084 1 0 0 0 1 0 0 0 1 3815.dat
1 25 860.0056763 600.1572266 490.9998779 1 0 0 0 1 0 0 0 1 3816.dat
1 25 860.0054932 600.1572266 490.9998474 1 0 0 0 1 0 0 0 1 3817.dat
1 25 860.0056763 556.1573486 491.2499084 1 0 0 0 1 0 0 0 1 973.dat
1 25 844.5056152 565.4073486 491.2499084 0.9744196534 -0.223588869 0.02267940342 0.1999784857 0.8166028857 -0.5414503813 0.1025423184 0.5321354866 0.8404270411 3818.dat
1 25 875.5055542 565.4073486 491.2498474 0.9592801929 0.2800364196 0.03689317405 -0.2497205883 0.9018732309 -0.3525119722 -0.1319890022 0.3289447427 0.9350799322 3819.dat
1 72 835.8754883 583.2098389 493.6091309 0.9837027192 -0.04703165218 0.173542127 0.1796099991 0.30164662 -0.9363492131 -0.008310373873 0.9522594213 0.3051779568 3820.dat
1 72 884.1415405 583.2417603 489.18396 0.984036088 0.08521707356 -0.156240508 -0.1778118759 0.5076760054 -0.8429995179 0.007481620181 0.8573234081 0.5147240758 3820.dat
1 72 -100.001297 679.5827637 1253.048828 -1 0 -1.566607534e-5 0 0.9951763153 -0.09810248762 1.576792056e-5 -0.09810248762 -0.9951763153 3815.dat
1 25 -100.0012665 691.1535034 1252.007446 -0.9999998808 1.570667519e-5 0 0 0 0.9999998808 1.588549094e-5 0.9999998808 -1.003595116e-5 3816.dat
1 25 -100.0012512 691.1532593 1252.007813 -0.9999998808 1.589784006e-5 0 0 -1.009556036e-5 0.9999998808 1.607665035e-5 0.9999998808 0 3817.dat
1 25 -100.001297 647.7371216 1256.187988 -1 0 -1.566607534e-5 0 0.9951763153 -0.09810248762 1.576792056e-5 -0.09810248762 -0.9951763153 973.dat
1 72 -76.72541046 671.3227539 1266.669312 -0.9846744537 0.1583343893 -0.07311931252 0.1738708615 0.8585203886 -0.482401967 -0.0136063965 -0.487722218 -0.8728928566 3820.dat
1 72 -124.1575012 674.8051147 1253.579102 -0.9838889241 -0.06840000302 0.1651788056 -0.178519398 0.3259268999 -0.9283870459 0.009665460326 -0.942917347 -0.3328866065 3820.dat
1 25 -84.50117493 656.9423218 1255.280518 -0.9615833163 0.2442778647 0.125243485 0.2626924217 0.9512675405 0.1615018547 -0.07968874276 0.1881979704 -0.9788928032 3818.dat
1 25 -115.5013123 656.9423828 1255.280884 -0.9618604779 -0.2728485763 -0.01944589615 -0.2210452259 0.817178607 -0.5323141217 0.1611318886 -0.5077133179 -0.8463235497 3819.dat


