1 0 -750.0003662 340.6083069 -914.8076172 -0.9999999404 -8.940696716e-8 0 8.259985407e-8 0.3827214539 -0.9238636494 3.42179689e-8 -0.923863709 -0.3827215433 32013.dat
1 0 -750.0003662 405.2796936 -888.0189209 0 1 0 0.9238792062 0 0.3826832175 0.3826831579 0 -0.9238792062 3706.dat
1 71 -750.0004883 377.5632324 -899.4988403 -5.960463412e-8 -0.9999997616 -2.30404595e-7 0.3826449513 -1.900622806e-7 0.9238951206 -0.9238949418 -1.432316026e-7 0.3826447427 6590.dat
1 71 -750.0003052 396.0406799 -891.8449707 -5.960463412e-8 -0.9999997616 -2.30404595e-7 0.3826449513 -1.900622806e-7 0.9238951206 -0.9238949418 -1.432316026e-7 0.3826447427 6590.dat
1 71 -750.0003662 414.5160217 -884.1859131 -5.960463767e-8 -0.9999998212 -2.304046092e-7 0.3826448917 -1.900622806e-7 0.9238951206 -0.9238951802 -1.432316168e-7 0.3826447725 6590.dat
1 0 -750.0001831 460.7122803 -865.0582275 1 0 0 0 0.3827215731 0.9238641262 0 -0.9238649011 0.3827216625 59443.dat
1 0 -750.0003662 534.6218262 -834.4411621 3.139164733e-7 0 1 0.9238791466 -0.3826835752 -2.900208926e-7 0.3826839924 0.9238792658 -1.201308066e-7 3707.dat
1 71 -750.0004883 488.4275513 -853.5752563 -5.960463412e-8 -0.9999997616 -2.30404595e-7 0.3826449513 -1.900622806e-7 0.9238951206 -0.9238949418 -1.432316026e-7 0.3826447427 6590.dat
1 71 -750.0003662 506.9051208 -845.9219971 -5.960463412e-8 -0.9999997616 -2.30404595e-7 0.3826449513 -1.900622806e-7 0.9238951206 -0.9238949418 -1.432316026e-7 0.3826447427 6590.dat
1 71 -750.0003052 543.859375 -830.6123657 -5.960463412e-8 -0.9999997616 -2.30404595e-7 0.3826449513 -1.900622806e-7 0.9238951206 -0.9238949418 -1.432316026e-7 0.3826447427 6590.dat
1 71 -750.0003052 562.3380127 -822.9603882 -5.960463767e-8 -0.9999998212 -2.304046092e-7 0.3826448619 -1.900622806e-7 0.9238951206 -0.9238950014 -1.432316168e-7 0.3826448023 6590.dat
1 71 -750.0004272 580.8153687 -815.3068848 -5.960463412e-8 -0.9999997616 -2.30404595e-7 0.3826449513 -1.900622806e-7 0.9238951206 -0.9238949418 -1.432316026e-7 0.3826447427 6590.dat
1 0 -750.0003052 617.770752 -800.0003052 0.9999999404 8.940696716e-8 0 -8.260122542e-8 0.3826834261 0.923879087 -3.421457961e-8 -0.9238792658 0.3826834559 32013.dat
1 71 -765.0004272 340.6085205 -914.8074341 0 0 -1 0 1 0 1 0 0 32123a.dat
1 0 -730.0004272 340.6085205 -914.8074341 1 0 -3.139164733e-7 0 1 0 3.139164733e-7 0 1 3705.dat
1 71 -695.0004883 340.6085205 -914.8074341 0 0 -1 0 1 0 1 0 0 32123a.dat
1 71 -730.0006104 123.1084671 -964.8074341 -1 0 0 0 1 0 0 0 -1 3003.dat
1 71 -730.0005493 147.10849 -1004.807251 0 0 -1 0 1 0 1 0 0 3795.dat
1 71 -730.0005493 155.1084747 -1004.807251 0 0 -1 0 1 0 1 0 0 3795.dat
1 71 -730.0004883 163.1084442 -964.8074341 -1 0 0 0 1 0 0 0 -1 3003.dat
1 71 -730.0004883 187.1084442 -964.8074341 -1 0 0 0 1 0 0 0 -1 3003.dat
1 71 -730.0004272 211.1084747 -964.8074341 -1 0 0 0 1 0 0 0 -1 3003.dat
1 71 -730.0003662 235.10849 -1004.807251 0 0 -1 0 1 0 1 0 0 44237.dat
1 71 -730.0004272 259.1084595 -1044.807373 -1 0 0 0 1 0 0 0 -1 3003.dat
1 71 -730.0004272 283.10849 -1044.807251 -1 0 0 0 1 0 0 0 -1 3003.dat
1 71 -730.0003662 307.1085205 -1004.807251 0 0 -1 0 1 0 1 0 0 44237.dat
1 71 -730.0004272 283.1084595 -964.8074341 -1 0 0 0 1 0 0 0 -1 3003.dat
1 71 -730.0004272 259.108429 -964.8074341 -1 0 0 0 1 0 0 0 -1 3003.dat
1 71 -730.0004272 211.10849 -1044.807373 -1 0 0 0 1 0 0 0 -1 3003.dat
1 71 -730.0005493 187.1084442 -1044.807373 -1 0 0 0 1 0 0 0 -1 3003.dat
1 71 -730.0005493 163.1084747 -1044.807373 -1 0 0 0 1 0 0 0 -1 3003.dat
1 71 -730.0006714 123.1084976 -1044.807373 -1 0 0 0 1 0 0 0 -1 3003.dat
1 71 -730.0006714 115.1084671 -1044.807373 -1 0 0 0 1 0 0 0 -1 3022.dat
1 71 -730.0006104 91.1084671 -1004.807495 0 0 1 0 1 0 -1 0 0 3001.dat
1 71 -740.0007324 115.10849 -1004.807373 0 0 1 0 1 0 -1 0 0 3700.dat
1 71 -730.0007324 139.1084747 -1004.80719 -1 0 0 0 1 0 0 0 -1 3022.dat
1 71 -720.0007324 115.10849 -1004.807373 0 0 1 0 1 0 -1 0 0 3700.dat
1 71 -730.0006104 115.1084518 -964.8074341 -1 0 0 0 1 0 0 0 -1 3022.dat
1 71 -730.0004272 331.108551 -1054.807373 -1 0 0 0 1 0 0 0 -1 32064a.dat
1 0 -730.0004272 340.60849 -1004.80719 -3.139165017e-7 0 -1.000000119 0 -1.000000119 0 -1.000000119 0 3.139165017e-7 3707.dat
1 0 -730.0004883 340.6084595 -1094.807129 0.9999999404 8.940696716e-8 0 0 -1 -8.940698137e-8 8.940696716e-8 0 -0.9999999404 32013.dat
1 0 -730.0004272 340.6084595 -914.807251 -0.9999999404 -8.940696716e-8 0 0 -0.9999999404 -8.940696716e-8 -8.940696716e-8 0 0.9999999404 32013.dat
1 71 -730.0004883 331.108551 -1034.807373 -1 0 0 0 1 0 0 0 -1 32064a.dat
1 71 -730.0003662 331.108551 -1014.807251 -1.000000238 0 0 0 0.9999998808 0 0 0 -0.999999404 32064a.dat
1 71 -730.0003662 331.108551 -994.8071289 -1.000000238 0 0 0 0.9999998808 0 0 0 -0.999999404 32064a.dat
1 71 -730.0002441 331.108551 -974.8071899 -1.000000238 0 0 0 0.9999998808 0 0 0 -0.999999404 32064a.dat
1 71 -730.0001831 331.108551 -954.8070068 -1.000000477 0 0 0 0.9999997616 0 0 0 -0.9999988079 32064a.dat
1 0 -730.0007935 124.6085052 -1004.807495 -1 0 3.139164733e-7 0 1 0 -3.139164733e-7 0 -1 3707.dat
1 72 -774.0007324 124.6085281 -1004.80719 0 1 0 1 0 0 0 0 -1 87081.dat
1 72 -798.0007935 124.6084824 -1004.80719 0 1 0 1 0 0 0 0 -1 87081.dat
1 72 -822.0007935 124.6084824 -1004.80719 0 1 0 1 0 0 0 0 -1 87081.dat
1 72 -846.0009766 124.6084824 -1004.80719 0 1 0 1 0 0 0 0 -1 87081.dat
1 72 -870.0009155 124.6084824 -1004.80719 0 1 0 1 0 0 0 0 -1 87081.dat
1 72 -894.0010986 124.6084824 -1004.80719 0 1 0 1 0 0 0 0 -1 87081.dat
1 72 -658.0007324 124.6084824 -1004.807251 0 1 0 1 0 0 0 0 -1 87081.dat
1 72 -634.0006714 124.6084824 -1004.807251 0 1 0 1 0 0 0 0 -1 87081.dat
1 72 -610.0007324 124.6084824 -1004.807251 0 1 0 1 0 0 0 0 -1 87081.dat
1 72 -586.0006104 124.6085281 -1004.807251 0 1 0 1 0 0 0 0 -1 87081.dat
1 72 -706.0007935 124.6084824 -1004.807251 0 1 0 1 0 0 0 0 -1 87081.dat
1 72 -682.0007324 124.6084824 -1004.807251 0 1 0 1 0 0 0 0 -1 87081.dat
1 0 -730.0004272 340.60849 -1094.807373 1 0 -3.139164733e-7 0 1 0 3.139164733e-7 0 1 3705.dat
1 71 -695.0004883 340.60849 -1094.807373 0 0 -1 0 1 0 1 0 0 32123a.dat
1 71 -765.0004272 340.60849 -1094.807373 0 0 -1 0 1 0 1 0 0 32123a.dat
1 71 -710.006897 506.9069519 -1163.689697 0.9999999404 5.960464478e-8 2.304046376e-7 -2.356758273e-7 -0.3826840222 0.9238793254 3.31046266e-8 -0.9238792658 -0.382684052 6590.dat
1 0 -709.9996948 534.6241455 -1175.168091 3.139165869e-7 0 1.000000358 0.9238798618 0.382684201 -2.9002112e-7 -0.3826838732 0.9238795042 1.201307782e-7 3707.dat
1 71 -710.0103149 543.8622437 -1178.997192 0.9999999404 5.960464478e-8 2.304046376e-7 -2.356758273e-7 -0.3826839626 0.9238793254 3.31046337e-8 -0.9238791466 -0.382684052 6590.dat
1 0 -709.9992676 460.7127075 -1144.555908 1.000000358 0 0 0 -0.3826464117 0.9238955379 0 -0.9238952994 -0.3826460242 59443.dat
1 71 -709.9996338 562.34021 -1186.648926 5.960465899e-8 1.000000119 2.304046944e-7 0.3826450408 -1.900622664e-7 0.9238951206 0.9238951802 1.432316594e-7 -0.3826449215 6590.dat
1 0 -709.9994507 617.7735596 -1209.609497 1.000000238 8.940699558e-8 0 -8.260123252e-8 -0.3826841712 0.9238790274 3.421457606e-8 -0.9238794446 -0.382683605 32013.dat
1 0 -709.9992676 405.280365 -1121.594727 0 1.000000358 0 0.9238789678 0 -0.3826841116 -0.3826840222 0 -0.9238788486 3706.dat
1 71 -709.9996338 414.5183716 -1125.423096 5.960465899e-8 1.000000119 2.304046944e-7 0.3826450408 -1.900622664e-7 0.9238951206 0.923895061 1.432316452e-7 -0.3826448917 6590.dat
1 71 -709.9992676 396.0418091 -1117.7677 0.9999999404 5.960464478e-8 2.304046376e-7 -2.356758273e-7 -0.3826839626 0.9238793254 3.31046337e-8 -0.9238791466 -0.382684052 6590.dat
1 0 -709.9992676 340.6085205 -1094.807373 -1.000000238 -8.940699558e-8 0 8.260266782e-8 -0.3826462924 -0.9238952398 -3.421121519e-8 -0.9238951206 0.3826458454 32013.dat
1 71 -709.9997559 488.4302979 -1156.033691 0.9999999404 5.960464478e-8 2.304046376e-7 -2.356758699e-7 -0.382684201 0.9238794446 3.310462304e-8 -0.9238794446 -0.3826840818 6590.dat
1 71 -709.9996338 580.8175659 -1194.302734 5.960465899e-8 1.000000119 2.304046944e-7 0.3826450408 -1.900622664e-7 0.9238951206 0.9238951802 1.432316594e-7 -0.3826449215 6590.dat
1 71 -709.9992676 377.5641174 -1110.114014 0.9999999404 5.960464478e-8 2.304046376e-7 -2.356758699e-7 -0.382684201 0.9238794446 3.310462304e-8 -0.9238794446 -0.3826840818 6590.dat
1 0 -709.9994507 444.4781799 -1105.359009 0 1 0 0.3826446831 0 0.9238955975 0.9238955975 0 -0.3826446831 32062.dat
1 0 -709.9994507 452.1312256 -1086.880737 -1 0 3.139164733e-7 -1.201185285e-7 0.9238965511 -0.3826448619 -2.900259233e-7 -0.3826448321 -0.9238951802 30553.dat
1 0 -709.9994507 432.9988098 -1133.075806 0 1.000000477 8.940702401e-8 0.9238960743 8.260274598e-8 -0.3826439977 -0.3826439977 -3.421104822e-8 -0.9238951206 32013.dat
1 0 -709.9990845 455.9577026 -1067.642212 1 0 -3.139164733e-7 0 1 0 3.139164733e-7 0 1 30552.dat
1 0 -709.9990845 455.9598083 -1001.970886 0 1 0 -3.139164448e-7 0 -0.9999998808 -1 0 3.139164733e-7 3706.dat
1 0 -709.9990234 455.9597473 -941.9708252 -1 0 3.139164733e-7 0 0.9999998808 0 -3.139164733e-7 0 -1 30552.dat
1 0 -709.9989624 452.1325073 -922.7325439 1 0 -3.139164733e-7 -1.201435111e-7 0.9238625765 -0.3827244341 2.900156915e-7 0.3827244341 0.9238625765 30553.dat
1 0 -709.9989624 444.4782104 -904.255127 3.139164448e-7 0 0.9999998808 -0.3827241361 -0.9238623977 1.201434117e-7 0.9238626957 -0.3827242553 -2.900157199e-7 32062.dat
1 0 -709.9991455 433.0019531 -876.5332031 0 -1.000000358 -8.94070098e-8 0.9238952994 8.260267492e-8 -0.3826443851 0.3826443255 3.421108019e-8 0.9238950014 32013.dat
1 0 -710.0004883 617.7709351 -799.9994507 0.9999999404 8.940696716e-8 0 -8.260126094e-8 0.3826834559 0.9238795042 -3.421456896e-8 -0.9238794446 0.3826833665 32013.dat
1 0 -710.0005493 534.6218872 -834.4414673 3.139164733e-7 0 1 0.923879683 -0.382683605 -2.900210632e-7 0.3826836646 0.9238794446 -1.201307072e-7 3707.dat
1 71 -710.0004883 562.3380737 -822.9602051 -5.960463767e-8 -0.9999998212 -2.304046092e-7 0.3826448917 -1.900622948e-7 0.9238951802 -0.9238958955 -1.432316168e-7 0.3826445341 6590.dat
1 71 -710.0004883 543.8595581 -830.6116333 -5.960463412e-8 -0.9999997616 -2.30404595e-7 0.3826449811 -1.90062309e-7 0.9238952398 -0.9238949418 -1.432315457e-7 0.3826444745 6590.dat
1 71 -710.0004883 506.9051208 -845.9224854 -5.960463412e-8 -0.9999997616 -2.30404595e-7 0.3826449811 -1.90062309e-7 0.9238952398 -0.9238949418 -1.432315457e-7 0.3826444745 6590.dat
1 0 -710.0003052 460.7123718 -865.0575562 1 0 0 0 0.3827216029 0.9238644838 0 -0.9238649011 0.3827215433 59443.dat
1 0 -710.0004883 405.2797852 -888.0186768 0 1 0 0.9238793254 0 0.3826832473 0.3826829195 0 -0.9238801003 3706.dat
1 71 -710.0005493 414.5159302 -884.1865234 -5.960463767e-8 -0.9999998212 -2.304046092e-7 0.3826449215 -1.900622948e-7 0.9238951802 -0.923895359 -1.432315742e-7 0.3826445043 6590.dat
1 71 -710.0004883 396.0406799 -891.8453369 -5.960463412e-8 -0.9999997616 -2.30404595e-7 0.3826449811 -1.90062309e-7 0.9238952398 -0.9238949418 -1.432315457e-7 0.3826444745 6590.dat
1 0 -710.0005493 340.6083679 -914.8079834 -0.9999999404 -8.940696716e-8 0 8.25998967e-8 0.3827214837 -0.9238640666 3.42179618e-8 -0.9238638282 -0.3827214837 32013.dat
1 71 -710.0006714 377.5633545 -899.4989624 -5.960463412e-8 -0.9999997616 -2.30404595e-7 0.3826449811 -1.90062309e-7 0.9238952398 -0.9238949418 -1.432315457e-7 0.3826444745 6590.dat
1 71 -710.0006104 488.4276428 -853.5755005 -5.960463412e-8 -0.9999997616 -2.30404595e-7 0.3826449811 -1.90062309e-7 0.9238952398 -0.9238949418 -1.432315457e-7 0.3826444745 6590.dat
1 71 -710.0006104 580.8156738 -815.3071289 -5.960463412e-8 -0.9999997616 -2.30404595e-7 0.3826449811 -1.90062309e-7 0.9238952398 -0.9238949418 -1.432315457e-7 0.3826444745 6590.dat
1 0 -709.9993896 544.5211182 -884.4620972 1 0 -3.139164733e-7 -1.201185285e-7 0.9238955379 -0.3826448619 2.90026037e-7 0.3826448619 0.9238955379 30553.dat
1 0 -709.9994507 536.8695068 -865.9835815 3.139165017e-7 0 1.000000119 -0.3827223778 -0.9238641858 1.201428574e-7 0.9238629937 -0.3827227652 -2.900158051e-7 32062.dat
1 0 -709.9993896 525.3901978 -838.2665405 0 -1.000000596 -8.940703111e-8 0.9238960147 8.260273887e-8 -0.3826441765 0.3826448321 3.421112638e-8 0.923894465 32013.dat
1 0 -709.9993896 548.3481445 -1025.909912 -3.139164733e-7 0 -1 0 -1 0 -1 0 3.139164733e-7 3707.dat
1 0 -709.9994507 548.3481445 -1105.909912 1 0 -3.139164733e-7 0 1 0 3.139164733e-7 0 1 30552.dat
1 0 -709.9993896 548.3475952 -943.7014771 0 1 0 -0.9999998808 0 0 0 0 1.000000358 59443.dat
1 0 -709.9993896 548.3475952 -923.7015991 -3.139164733e-7 0 -1 0 -1.000000358 0 -0.9999998808 0 3.139164448e-7 32062.dat
1 0 -709.9994507 548.3475342 -903.7015991 -1 0 3.139164733e-7 0 1.000000238 0 -3.139164733e-7 0 -1 30552.dat
1 0 -709.9992676 544.5206299 -1125.147949 -1 0 3.139164733e-7 -1.201429001e-7 0.9238633513 -0.382722497 -2.900159188e-7 -0.382722497 -0.9238633513 30553.dat
1 0 -709.9992676 536.866333 -1143.625366 -3.139164733e-7 0 -1 -0.3827220798 -0.9238622189 1.201427722e-7 -0.9238631129 0.3827221394 2.90015862e-7 32062.dat
1 0 -709.9992065 525.3868408 -1171.342163 0 1.000000477 8.940702401e-8 0.923894763 8.260262518e-8 -0.3826438487 -0.3826442063 -3.421106953e-8 -0.923894763 32013.dat
1 0 -749.9993286 617.7733154 -1209.609497 0.9999999404 8.940696716e-8 0 -8.260126094e-8 -0.3826836646 0.9238793254 3.421458672e-8 -0.923879385 -0.382683754 32013.dat
1 0 -749.9995728 534.6239014 -1175.168701 3.139164733e-7 0 1 0.9238801003 0.3826836944 -2.900211769e-7 -0.3826839924 0.9238794446 1.201308066e-7 3707.dat
1 71 -749.9995117 580.8175049 -1194.303467 5.960463767e-8 0.9999998212 2.304046092e-7 0.3826445639 -1.900623658e-7 0.9238954186 0.9238951802 1.432316736e-7 -0.3826450109 6590.dat
1 71 -749.9995117 562.3399658 -1186.649536 5.960463767e-8 0.9999998212 2.304046092e-7 0.3826445639 -1.900623658e-7 0.9238954186 0.9238951802 1.432316736e-7 -0.3826450109 6590.dat
1 71 -750.0101929 543.8621826 -1178.997192 0.9999995828 5.960462346e-8 2.304045523e-7 -2.356758984e-7 -0.3826835155 0.9238797426 3.310465857e-8 -0.9238794446 -0.3826842308 6590.dat
1 71 -750.0067749 506.9068909 -1163.689941 0.9999995828 5.960462346e-8 2.304045523e-7 -2.356758984e-7 -0.3826835155 0.9238797426 3.310465857e-8 -0.9238794446 -0.3826842308 6590.dat
1 71 -749.9996338 488.4301758 -1156.034424 0.9999995828 5.960462346e-8 2.304045523e-7 -2.356759126e-7 -0.3826836944 0.9238797426 3.310465502e-8 -0.923879385 -0.382684201 6590.dat
1 0 -749.9991455 460.7125244 -1144.555908 1 0 0 0 -0.3826459348 0.9238958955 0 -0.9238962531 -0.3826462328 59443.dat
1 0 -749.9991455 405.2799683 -1121.595215 0 1 0 0.9238792658 0 -0.3826836646 -0.3826840818 0 -0.923879087 3706.dat
1 71 -749.9994507 414.5180664 -1125.423096 5.960463767e-8 0.9999998212 2.304046092e-7 0.3826445937 -1.900623658e-7 0.9238954186 0.9238951802 1.432316736e-7 -0.3826450109 6590.dat
1 71 -749.9990845 396.0415039 -1117.768433 0.9999995828 5.960462346e-8 2.304045523e-7 -2.356758984e-7 -0.3826835155 0.9238797426 3.310465857e-8 -0.9238794446 -0.3826842308 6590.dat
1 71 -749.9990845 377.5640564 -1110.114624 0.9999995828 5.960462346e-8 2.304045523e-7 -2.356759126e-7 -0.3826836944 0.9238797426 3.310465502e-8 -0.923879385 -0.382684201 6590.dat
1 0 -749.9990845 340.6079712 -1094.808105 -0.9999999404 -8.940696716e-8 0 8.260269624e-8 -0.3826457858 -0.9238955379 -3.421122585e-8 -0.923895061 0.3826459646 32013.dat
1 0 -749.9993286 452.1312866 -1086.880737 -1 0 3.139164733e-7 -1.201185711e-7 0.9238954186 -0.3826450109 -2.900259801e-7 -0.3826450109 -0.9238954186 30553.dat
1 0 -749.9993286 444.4780273 -1105.359009 0 1 0 0.3826448023 0 0.9238945246 0.9238957763 0 -0.3826448619 32062.dat
1 0 -749.9994507 432.9989319 -1133.075684 0 1.000000477 8.940702401e-8 0.9238949418 8.26026465e-8 -0.3826440871 -0.3826440871 -3.421105887e-8 -0.9238952994 32013.dat
1 0 -749.9989624 455.9576111 -1067.642212 1 0 -3.139164733e-7 0 1 0 3.139164733e-7 0 1 30552.dat
1 0 -749.9989624 455.9597168 -1001.970886 0 1 0 -3.139164448e-7 0 -0.9999998808 -1 0 3.139164733e-7 3706.dat
1 0 -749.9989014 455.9596558 -941.9708252 -1 0 3.139164733e-7 0 0.9999998808 0 -3.139164733e-7 0 -1 30552.dat
1 0 -749.9988403 452.1324158 -922.7324219 1 0 -3.139164733e-7 -1.201435111e-7 0.9238625765 -0.3827244341 2.900156915e-7 0.3827244341 0.9238625765 30553.dat
1 0 -749.9988403 444.4782715 -904.2550049 3.139164448e-7 0 0.9999998808 -0.3827241361 -0.9238623977 1.201434117e-7 0.9238626957 -0.3827242553 -2.900157199e-7 32062.dat
1 0 -749.9991455 433.0020447 -876.53302 0 -1.000000358 -8.94070098e-8 0.9238952398 8.260266782e-8 -0.3826444447 0.3826442957 3.421107664e-8 0.9238951206 32013.dat
1 0 -749.9991455 544.5205078 -1125.148071 -1 0 3.139164733e-7 -1.201429001e-7 0.9238633513 -0.3827225268 -2.900159188e-7 -0.3827225268 -0.9238633513 30553.dat
1 0 -749.9991455 536.866394 -1143.625366 -3.139164733e-7 0 -1 -0.3827221394 -0.9238626361 1.201427864e-7 -0.9238631725 0.3827221692 2.90015862e-7 32062.dat
1 0 -749.9992676 525.3869629 -1171.342163 0 1.000000477 8.940702401e-8 0.9238945842 8.260261097e-8 -0.3826438487 -0.3826441467 -3.421106243e-8 -0.9238947034 32013.dat
1 0 -749.9993286 548.3480225 -1105.909912 1 0 -3.139164733e-7 0 1 0 3.139164733e-7 0 1 30552.dat
1 0 -749.9992676 548.3480225 -1025.909912 -3.139164733e-7 0 -1 0 -1 0 -1 0 3.139164733e-7 3707.dat
1 0 -749.9992676 548.3474731 -943.7014771 0 1 0 -0.9999998808 0 0 0 0 1.000000358 59443.dat
1 0 -749.9992676 548.3475342 -923.7015991 -3.139164733e-7 0 -1 0 -1.000000358 0 -0.9999998808 0 3.139164448e-7 32062.dat
1 0 -749.9993286 548.3474121 -903.7015991 -1 0 3.139164733e-7 0 1.000000238 0 -3.139164733e-7 0 -1 30552.dat
1 0 -749.9992676 544.5211182 -884.4621582 1 0 -3.139164733e-7 -1.201185285e-7 0.9238955379 -0.3826448619 2.90026037e-7 0.3826448619 0.9238955379 30553.dat
1 0 -749.9993286 536.8695068 -865.9834595 3.139165017e-7 0 1.000000119 -0.3827223778 -0.9238640666 1.201428574e-7 0.9238629937 -0.3827227652 -2.900158051e-7 32062.dat
1 0 -749.9993896 525.3901367 -838.2665405 0 -1.000000596 -8.940703111e-8 0.9238956571 8.260271045e-8 -0.3826441765 0.3826448023 3.421112282e-8 0.923894465 32013.dat
