1 15 991.9990234 222.0878296 -942.2481689 0 -1 0 0.3826856017 0 0.9238786101 -0.9238786101 0 0.3826856017 41769.dat
1 15 999.9988403 266.6966553 -945.418335 0 -1.000000119 0 -0.9238783121 0 0.3826853931 -0.3826852739 0 -0.9238786697 3020.dat
1 15 991.9987793 377.5621643 -899.4957275 0 -1.000000119 0 -0.9238783121 0 0.3826853931 -0.3826852739 0 -0.9238786697 2445.dat
1 15 999.9988403 469.9500122 -861.2276001 0 -1.000000119 0 0.3826853633 0 0.9238783121 -0.9238794446 0 0.3826852739 3958.dat
1 15 991.9989624 543.8602905 -830.6135254 0 -1.000000119 0 0.3826853633 0 0.9238783121 -0.9238794446 0 0.3826852739 3958.dat
1 15 999.9990234 562.3377686 -822.9588623 0 -1 0 0.3826852739 0 0.9238783717 -0.9238787293 0 0.3826851845 3035.dat
1 15 991.9988403 596.779541 -906.1079712 0 -1 0 0.3826857507 0 0.9238781929 -0.9238785505 0 0.3826856315 50305.dat
1 15 991.9990234 527.8962402 -739.8096924 0 -1 0 0.3826856017 0 0.9238782525 -0.9238786101 0 0.3826855123 50304.dat
1 15 991.9992676 396.6962891 -945.6897583 0 -1.000000358 0 0.3826856017 0 0.9238782525 -0.9238786101 0 0.3826855123 47397.dat
1 15 999.9992676 359.0845642 -907.1497192 0 -1.000000358 0 -0.9238784313 0 0.3826852143 -0.3826850653 0 -0.9238795042 3032.dat
1 15 991.9992676 358.4277954 -853.3018188 0 -1.000000358 0 0.3826856017 0 0.9238782525 -0.9238786101 0 0.3826855123 47398.dat
1 15 991.9994507 237.3952637 -979.2030029 0 -1 0 0.3826856017 0 0.9238782525 -0.9238786101 0 0.3826855123 41770.dat
1 0 1029.999146 340.6064758 -914.8023682 0.9999999404 8.940696716e-8 0 8.260262518e-8 -0.3826461732 -0.923894763 3.421123296e-8 0.9238950014 -0.3826460242 32013.dat
1 0 1029.999146 405.2785339 -888.0154419 0 -1 0 0.9238786101 0 -0.3826841712 0.3826842606 0 0.9238788486 3706.dat
1 71 1029.999146 396.0397949 -891.8421631 -0.9999995828 -5.960462346e-8 -2.304045523e-7 -2.35675742e-7 -0.3826841116 0.9238789082 -3.310468699e-8 0.9238792062 0.3826842904 6590.dat
1 71 1029.999512 414.5166016 -884.1869507 -5.960463767e-8 -0.9999998212 -2.304046092e-7 0.38264516 -1.900621953e-7 0.9238948226 -0.9238952398 -1.432316878e-7 0.3826450109 6590.dat
1 0 1029.999146 460.7109985 -865.0541382 -1 0 0 0 -0.3826465309 0.923895061 0 0.9238954186 0.382646203 59443.dat
1 0 1029.999634 534.6220703 -834.4417725 -3.139164733e-7 0 -1 0.9238792062 0.382684052 -2.900208926e-7 0.3826839626 -0.923879385 -1.201308066e-7 3707.dat
1 71 1030.006836 506.9052124 -845.920105 -0.9999995828 -5.960462346e-8 -2.304045523e-7 -2.35675742e-7 -0.3826841116 0.9238789082 -3.310468699e-8 0.9238792062 0.3826842904 6590.dat
1 71 1030.010376 543.8602905 -830.612854 -0.9999995828 -5.960462346e-8 -2.304045523e-7 -2.35675742e-7 -0.3826841116 0.9238789082 -3.310468699e-8 0.9238792062 0.3826842904 6590.dat
1 71 1029.999634 562.3383179 -822.9611206 -5.960463767e-8 -0.9999998212 -2.304046092e-7 0.38264516 -1.900621669e-7 0.9238947034 -0.9238952398 -1.432317163e-7 0.3826451302 6590.dat
1 0 1029.99939 617.7715454 -800.0003662 -0.9999999404 -8.940696716e-8 0 -8.26012041e-8 -0.3826840222 0.9238787293 -3.421459027e-8 0.9238793254 0.3826837838 32013.dat
1 71 1029.999634 488.4281006 -853.5761108 -0.9999995828 -5.960462346e-8 -2.304045523e-7 -2.35675742e-7 -0.3826840818 0.9238789082 -3.310468699e-8 0.9238792062 0.3826842904 6590.dat
1 0 1009.999207 377.5621338 -899.4960938 0 3.258413415e-7 -0.9999998808 0.9238783121 0.3826854825 1.246947647e-7 0.3826853335 -0.9238786697 -3.010378862e-7 32039.dat
1 0 1009.999084 580.8152466 -815.305542 0 3.258413415e-7 -0.9999998808 0.9238784909 0.3826851845 1.246946653e-7 0.3826848865 -0.9238787889 -3.01037943e-7 32039.dat
1 0 1029.999146 506.2441711 -792.0690308 -1 0 3.139164733e-7 1.201418911e-7 0.9238646626 0.3827192783 -2.900163452e-7 0.3827192783 -0.9238646626 30553.dat
1 0 1029.999146 513.8986816 -810.5462036 3.139164733e-7 0 1 -0.3827199042 -0.923864007 1.201420758e-7 0.923864007 -0.3827198744 -2.900161178e-7 32062.dat
1 0 1029.999146 525.3833008 -838.2685547 0 -1.000000119 0 -0.9238785505 0 0.3826871216 -0.3826868236 0 -0.9238784313 32034.dat
1 0 1029.998779 536.8604126 -865.9851074 3.139164733e-7 0 1 -0.382722795 -0.9238634109 1.201429853e-7 0.9238633513 -0.382722348 -2.900159188e-7 32062.dat
1 0 1029.998779 544.5147095 -884.4623413 1 0 -3.139164733e-7 -1.201430706e-7 0.9238636494 -0.3827230632 2.900158904e-7 0.3827227056 0.9238632321 30553.dat
1 15 967.9989624 179.8291931 -912.7897949 0 -1 0 0.7071048021 0 0.707108736 -0.707108736 0 0.7071048021 41769.dat
1 15 975.9987793 222.2557983 -898.647583 0 -1 0 -0.7071089149 0 0.7071045637 -0.7071045041 0 -0.7071088552 3020.dat
1 15 967.9994507 208.1134033 -941.0742798 0 -1 0 0.7071048021 0 0.7071086764 -0.7071086168 0 0.7071047425 41770.dat
1 15 967.9989624 307.1089172 -813.795105 0 -1 0 -0.7071089149 0 0.7071045637 -0.7071045041 0 -0.7071088552 2445.dat
1 15 975.9989014 377.8198242 -743.0847778 0 -1 0 0.7071045637 0 0.7071089149 -0.7071088552 0 0.7071045041 3958.dat
1 15 967.9989624 448.5307617 -672.3740234 0 -1 0 0.7071089149 0 -0.7071045637 0.7071045041 0 0.7071088552 3036.dat
1 15 975.9992676 462.6727905 -658.2319336 0 -1 0 -0.7071045637 0 -0.7071089149 0.7071088552 0 -0.7071045041 3036.dat
1 15 967.9990845 512.170166 -736.0137329 0 -1 0 0.7071048021 0 0.7071086764 -0.7071086168 0 0.7071047425 50305.dat
1 15 967.9990845 384.8913574 -608.734436 0 -1 0 0.7071048021 0 0.7071086764 -0.7071086168 0 0.7071047425 50304.dat
1 15 999.9988403 420.24646 -700.6582642 0 -1 0 0.7071045637 0 0.7071089149 -0.7071088552 0 0.7071045041 6143.dat
1 0 999.9988403 420.2465515 -700.6583252 1.000000119 0 -3.139165017e-7 -2.219731243e-7 -0.7071048021 -0.7071088552 -2.219717743e-7 0.7071090937 -0.7071045637 32062.dat
1 0 1009.998962 420.2466431 -700.6584473 0 3.258413699e-7 -1 -0.7070755959 0.7071374655 2.30414642e-7 0.7071372271 0.7070752382 2.303943631e-7 32039.dat
1 0 1029.998901 408.9324951 -689.3444824 3.139165869e-7 0 1.000000358 -0.7071047425 -0.7071088552 2.219718311e-7 0.7071092725 -0.7071045637 -2.219732522e-7 3707.dat
1 0 1029.999023 352.3640442 -632.7757568 -1.000000358 0 3.139165869e-7 2.21971888e-7 0.7071092129 0.7071049213 -2.219732664e-7 0.7071048021 -0.7071093321 30552.dat
1 71 1029.998901 406.104187 -686.5159302 -0.9999999404 -5.960464478e-8 -2.304046376e-7 1.20773251e-7 -0.7071086168 -0.7071049213 -2.050679484e-7 -0.7071046829 0.7071089745 6590.dat
1 71 1029.998901 434.3883667 -714.800293 -0.9999999404 -5.960464478e-8 -2.304046376e-7 1.20773251e-7 -0.7071086168 -0.7071049213 -2.050679484e-7 -0.7071046829 0.7071089745 6590.dat
1 0 1029.999023 467.0620117 -747.4750977 0 -1.000000358 0 -0.7071089149 0 0.7071051002 -0.7071045041 0 -0.7071096301 59443.dat
1 0 1029.999146 481.2037048 -761.6173096 0 -1.000000358 0 -0.7071049809 0 -0.7071086764 0.7071090341 0 -0.7071047425 32062.dat
1 0 1029.999146 495.3462524 -775.7593994 1.000000358 0 -3.139165869e-7 -2.219718311e-7 0.7071089745 -0.7071047425 2.219732522e-7 0.7071049213 0.7071092725 30552.dat
1 15 967.9992676 342.4638367 -849.1507568 0 -1.000000119 0 0.7071048021 0 0.7071086764 -0.7071086168 0 0.7071047425 47397.dat
1 15 975.9994507 292.9667664 -827.9370117 0 -1.000000119 0 -0.7071089149 0 0.7071046233 -0.7071045041 0 -0.7071087956 3032.dat
1 15 967.9991455 271.753418 -778.4396973 0 -1.000000119 0 0.7071048021 0 0.7071086764 -0.7071086168 0 0.7071047425 47398.dat
1 15 999.9994507 307.1089783 -813.7947998 0 -1.000000119 0 0.7071045637 0 0.7071089149 -0.7071088552 0 0.7071045041 6143.dat
1 71 1029.998779 307.1089172 -813.7949219 0 1 0 0.7071043253 0 -0.7071091533 -0.7071090937 0 -0.7071042657 32014.dat
1 0 1029.998779 333.9790039 -786.9249878 -3.139165017e-7 0 -1.000000119 -0.7071089745 -0.7071045041 2.219731527e-7 -0.7071044445 0.7071089149 2.219717317e-7 32062.dat
1 0 1029.999023 341.0471191 -779.850769 0 -0.9999999404 -3.258413415e-7 -0.7070762515 2.304145852e-7 -0.7071372867 0.7071370482 2.303945337e-7 -0.7070757747 32039.dat
1 0 1029.999023 360.5402222 -771.5952759 0 -1.000000358 0 -0.7071642876 0 -0.7070496082 0.7070497274 0 -0.7071638107 3706.dat
1 0 1029.999023 314.0982971 -725.1640015 -1.000000358 0 3.139165869e-7 2.219904758e-7 0.7070498466 0.7071641684 -2.219546644e-7 0.7071640491 -0.7070500851 30552.dat
1 71 1029.998901 339.5536194 -750.6201782 -0.9999999404 -5.960464478e-8 -2.304046376e-7 1.207731941e-7 -0.707108736 -0.7071047425 -2.050678631e-7 -0.7071045637 0.7071086764 6590.dat
1 71 1029.998901 369.2520447 -780.3184814 -0.9999999404 -5.960464478e-8 -2.304046376e-7 1.207731941e-7 -0.707108736 -0.7071047425 -2.050678631e-7 -0.7071045637 0.7071086764 6590.dat
1 0 1029.999023 402.9700623 -814.0183716 1.000000358 0 -3.139165869e-7 -2.219904474e-7 0.7070498466 -0.7071640491 2.21954636e-7 0.7071635723 0.7070499659 30552.dat
1 0 999.9993286 307.1078796 -813.7959595 -1.000000119 0 3.139165017e-7 2.219731527e-7 -0.7071043849 0.7071089745 2.219717317e-7 0.7071089149 0.7071044445 32062.dat
1 0 1029.99939 243.6648407 -583.6133423 -1 0 3.139164733e-7 2.90026037e-7 0.3826446533 0.9238955975 -1.201184574e-7 0.9238955975 -0.3826446533 30553.dat
1 0 1029.99939 262.1428528 -591.265686 3.139164733e-7 0 1 -0.9238959551 -0.3826438785 2.900261507e-7 0.3826437891 -0.9238954782 -1.201181874e-7 32062.dat
1 0 1029.999023 289.859314 -602.7459717 0 -1.000000119 0 0.3826470375 0 -0.9238950014 0.9238941669 0 0.3826472163 32034.dat
1 0 1029.999268 317.576355 -614.2254028 3.139164448e-7 0 0.9999998808 -0.9238942862 -0.3826470375 2.900256391e-7 0.3826468289 -0.9238940477 -1.201191395e-7 32062.dat
1 0 1029.999268 336.0542908 -621.878418 1 0 -3.139164733e-7 -2.900256959e-7 0.3826471865 -0.923894465 1.201190258e-7 0.9238949418 0.3826464415 30553.dat
1 15 991.9993286 148.9350128 -890.7390747 0 -1 0 0.9238952398 0 0.3826455176 -0.3826455176 0 0.9238952398 41769.dat
1 15 999.9991455 182.7186584 -861.4362793 0 -1 0 -0.3826457262 0 0.9238955975 -0.9238951802 0 -0.3826457262 3020.dat
1 15 991.9992676 228.6361389 -750.5688477 0 -1 0 -0.3826457262 0 0.9238955975 -0.9238951802 0 -0.3826457262 2445.dat
1 15 999.9991455 266.9006348 -658.1793213 0 -1 0 0.9238951206 0 0.382645756 -0.382645756 0 0.9238951206 3958.dat
1 15 991.9992676 305.1653442 -565.7894897 0 -1 0 -0.3826457262 0 0.9238955975 -0.9238951802 0 -0.3826457262 3036.dat
1 15 999.9993286 312.8183289 -547.3115234 0 -1 0 0.9238950014 0 0.3826458454 -0.3826458156 0 0.9238951206 3036.dat
1 15 991.9993286 388.315979 -600.227478 0 -1 0 0.9238952994 0 0.3826453686 -0.3826453686 0 0.9238952994 50305.dat
1 15 991.9994507 222.0147858 -531.3515015 0 -1 0 0.9238952398 0 0.3826455176 -0.3826455176 0 0.9238952398 50304.dat
1 15 991.9995117 274.83078 -769.7012329 0 -1.000000238 0 0.9238952398 0 0.3826455176 -0.3826455176 0 0.9238952398 47397.dat
1 15 999.9995117 220.9831696 -769.0465698 0 -1.000000238 0 -0.382645905 0 0.9238949418 -0.923895061 0 -0.3826458752 3032.dat
1 15 991.9995117 182.4412689 -731.4365845 0 -1.000000238 0 0.9238952398 0 0.3826455176 -0.3826455176 0 0.9238952398 47398.dat
1 15 991.9996948 185.8907928 -906.0449829 0 -1 0 0.9238952398 0 0.3826455176 -0.3826455176 0 0.9238952398 41770.dat
1 71 1029.99939 236.2873535 -732.0906372 5.960464122e-8 0.9999998808 2.304046234e-7 -0.9238950014 -1.432315457e-7 0.3826445043 0.3826447427 -1.900623232e-7 0.9238952398 6590.dat
1 0 1029.99939 240.1138 -722.8514404 0 -1 0 0.382645458 0 -0.9238944054 0.9238944054 0 0.3826452494 3706.dat
1 0 1029.99939 213.3272705 -787.5235596 0.9999999404 8.940696716e-8 0 3.421457606e-8 -0.9238792658 -0.382683605 8.260123963e-8 0.3826835752 -0.923879087 32013.dat
1 71 1029.99939 243.9397125 -713.6121826 5.960464478e-8 0.9999999404 2.304046376e-7 -0.923895061 -1.432315599e-7 0.3826445043 0.3826447427 -1.900623232e-7 0.9238952398 6590.dat
1 0 1029.99939 263.072052 -667.4179688 -1 0 0 0 -0.923879683 0.382683903 0 0.3826837242 0.9238796234 59443.dat
1 0 1029.99939 293.6858521 -593.507019 -3.139164733e-7 0 -1 0.3826462924 0.9238954186 -1.20118969e-7 0.923895061 -0.382645756 -2.900258664e-7 3707.dat
1 71 1029.99939 282.2117004 -621.2262573 5.960464122e-8 0.9999998808 2.304046234e-7 -0.9238950014 -1.432315457e-7 0.3826445043 0.3826447427 -1.900623232e-7 0.9238952398 6590.dat
1 71 1029.99939 297.520752 -584.2716675 5.960464122e-8 0.9999998808 2.304046234e-7 -0.9238950014 -1.432315457e-7 0.3826445043 0.3826447427 -1.900623232e-7 0.9238952398 6590.dat
1 71 1029.99939 305.1652527 -565.7897339 5.960464478e-8 0.9999999404 2.304046376e-7 -0.923895061 -1.432315742e-7 0.3826445937 0.3826446831 -1.900622948e-7 0.9238951206 6590.dat
1 0 1029.99939 328.1244202 -510.355896 -0.9999999404 -8.940696716e-8 0 -3.421120454e-8 -0.9238945246 0.3826457262 -8.260261097e-8 0.3826456964 0.9238945246 32013.dat
1 71 1029.99939 274.5535278 -639.7017822 5.960464122e-8 0.9999998808 2.304046234e-7 -0.9238950014 -1.432315457e-7 0.3826445043 0.3826447427 -1.900623232e-7 0.9238952398 6590.dat
1 0 1009.999573 228.6359253 -750.5689087 0 3.258413983e-7 -1.000000119 -0.3826459944 -0.9238946438 -3.010430873e-7 -0.9238945842 0.382645756 1.246818186e-7 32039.dat
1 0 1009.99939 312.8182068 -547.3115845 0 3.258413415e-7 -0.9999999404 -0.382645905 -0.923894763 -3.010431442e-7 -0.923895061 0.3826457262 1.246818044e-7 32039.dat
1 0 1029.999268 205.399704 -675.9993286 -1 0 3.139164733e-7 2.900156915e-7 0.3827242255 0.9238626361 -1.201434401e-7 0.9238626361 -0.3827242255 30553.dat
1 0 1029.999268 223.8770294 -683.6535645 -3.139164733e-7 0 -1 0.9238626957 -0.3827240169 -2.900157199e-7 -0.3827240169 -0.9238621593 1.20143369e-7 32062.dat
1 0 1029.999268 251.5931396 -695.1342773 0 -1.000000238 0 0.3826470375 0 -0.9238950014 0.9238945842 0 0.3826472759 32034.dat
1 0 1029.999268 279.3098145 -706.6141357 0 -1 0 0.9238945246 0 0.3826470375 -0.3826471865 0 0.9238943458 32062.dat
1 0 1029.999268 297.7878723 -714.2671509 1.000000119 0 -3.139165017e-7 -2.900256391e-7 0.3826471865 -0.9238942862 1.201191253e-7 0.9238949418 0.3826467693 30553.dat
1 15 967.9994507 104.2179718 -899.7866821 0 -1 0 1 0 -3.139164733e-7 3.139164733e-7 0 1 41769.dat
1 15 975.9992676 124.2177811 -859.7863159 0 -1 0 0 0 1 -1 0 0 3020.dat
1 15 967.999939 144.2180176 -899.7866821 0 -1 0 1 0 -3.139164733e-7 3.139164733e-7 0 1 41770.dat
1 15 967.9993896 124.2176743 -739.7863159 0 -1 0 0 0 1 -1 0 0 2445.dat
1 15 975.9998169 124.2176666 -759.7862549 0 -1.000000119 0 0 0 1 -1 0 0 3032.dat
1 15 967.9996338 74.21772766 -739.7866821 0 -1.000000119 0 1 0 -3.139164733e-7 3.139164733e-7 0 1 47398.dat
1 15 975.9992676 124.2177505 -639.786438 0 -1.000000119 0 1 0 0 0 0 1 3958.dat
1 15 999.9992676 124.2176666 -579.7861328 0 -1 0 1 0 0 0 0 1 6143.dat
1 0 999.9992676 124.2176666 -579.7861328 1.000000238 0 -3.139165585e-7 0 -1.000000238 0 -3.139164733e-7 0 -1 32062.dat
1 0 1009.999207 124.2176743 -579.7862549 0 3.258413415e-7 -0.9999998808 -1 0 0 0 0.9999998212 3.25841313e-7 32039.dat
1 0 1029.99939 102.2176743 -579.7861938 3.139164733e-7 0 1 -1.000000596 0 3.139166722e-7 0 -1.000000477 0 3707.dat
1 0 1029.99939 22.21759796 -579.7861938 -1 0 3.139164733e-7 3.139166722e-7 0 1.000000596 0 1.000000477 0 30552.dat
1 71 1029.99939 104.21772 -579.7861328 -1 -5.960465188e-8 -2.30404666e-7 2.304047229e-7 2.304047229e-7 -1.000000358 -5.960464478e-8 -0.9999999404 -2.304046376e-7 6590.dat
1 71 1029.99939 144.2176514 -579.7861328 -1 -5.960465188e-8 -2.30404666e-7 2.304047229e-7 2.304047229e-7 -1.000000358 -5.960464478e-8 -0.9999999404 -2.304046376e-7 6590.dat
1 0 1029.99939 184.4260864 -579.7865601 0 -0.9999999404 0 0 0 1.000001073 -1.000000477 0 0 59443.dat
1 0 1029.99939 204.4261017 -579.7866821 0 -0.9999999404 0 -1.000000715 0 3.139167006e-7 -3.139166154e-7 0 -1.000000477 32062.dat
1 0 1029.999512 224.4261475 -579.7866821 1 0 -3.139164733e-7 -3.139167006e-7 0 -1.000000715 0 1.000000715 0 30552.dat
1 15 975.9997559 124.2174606 -519.7861328 0 -1 0 -1 0 0 0 0 -1 3036.dat
1 15 967.9993896 124.2176743 -539.7862549 0 -1 0 0 0 -1 1 0 0 3036.dat
1 15 967.9994507 34.21760178 -539.7863159 0 -1 0 1 0 -3.139164733e-7 3.139164733e-7 0 1 50304.dat
1 15 967.9994507 214.2176361 -539.7862549 0 -1 0 1 0 -3.139164733e-7 3.139164733e-7 0 1 50305.dat
1 15 967.9998169 174.217804 -739.786499 0 -1.000000119 0 1 0 -3.139164733e-7 3.139164733e-7 0 1 47397.dat
1 15 999.9998169 124.2176895 -739.7862549 0 -1.000000119 0 1 0 0 0 0 1 6143.dat
1 0 999.9996948 124.2176743 -739.7877197 -1.000000238 0 3.139165585e-7 0 -1 0 3.139164733e-7 0 1 32062.dat
1 71 1029.999268 124.2176285 -739.7862549 0 1.000000119 0 1 0 -3.139164733e-7 -3.139164733e-7 0 -1 32014.dat
1 0 1029.999268 124.2175903 -701.7863159 -3.139165585e-7 0 -1.000000238 0 -1 0 -1 0 3.139164733e-7 32062.dat
1 0 1029.999268 124.2175903 -691.7863159 0 -0.999999702 -3.258412846e-7 -1.000000238 0 0 0 3.258413983e-7 -1.000000119 32039.dat
1 0 1029.999146 126.1612091 -672.1719971 0 -1 0 -1.000000596 0 3.139166722e-7 -3.139165869e-7 0 -1.000000358 3706.dat
1 0 1029.999146 60.48981476 -672.1740723 -1 0 3.139164733e-7 3.139166722e-7 0 1.000000596 0 1.000000477 0 30552.dat
1 71 1029.99939 102.4879837 -672.1732178 -1 -5.960465188e-8 -2.30404666e-7 2.304047229e-7 2.304047229e-7 -1.000000358 -5.960464478e-8 -0.9999999404 -2.304046376e-7 6590.dat
1 71 1029.99939 144.4879456 -672.1732178 -1 -5.960465188e-8 -2.30404666e-7 2.304047229e-7 2.304047229e-7 -1.000000358 -5.960464478e-8 -0.9999999404 -2.304046376e-7 6590.dat
1 0 1029.999146 186.1612549 -672.1719971 1 0 -3.139164733e-7 -3.139166722e-7 0 -1.000000596 0 1.000000358 0 30552.dat
1 0 1029.999268 -51.13696289 -714.2731323 -1 0 3.139164733e-7 2.900159757e-7 -0.3827221692 0.9238634706 1.201428006e-7 0.9238634706 0.3827221692 30553.dat
1 0 1029.999268 -32.6598587 -706.618042 -3.139164733e-7 0 -1 0.9238633513 0.3827221394 -2.900159188e-7 0.3827224374 -0.9238630533 -1.201428717e-7 32062.dat
1 0 1029.999268 -4.943832874 -695.1367798 0 -1.000000238 0 -0.3827228248 0 -0.9238635302 0.9238629341 0 -0.382723242 32034.dat
1 0 1029.999268 22.77309418 -683.6534424 0 -1 0 0.9238957167 0 -0.38264516 0.3826455474 0 0.9238949418 32062.dat
1 0 1029.999268 41.2510643 -676.0003662 1.000000119 0 -3.139165017e-7 -2.900259233e-7 -0.382645309 -0.9238951802 -1.201187843e-7 0.9238952994 -0.3826456666 30553.dat
1 15 991.9989624 -141.6731415 -600.2410278 0 -1 0 0.9238622785 0 -0.38272506 0.38272506 0 0.9238622785 50304.dat
1 15 999.9988403 -66.18049622 -547.3187256 0 -1 0 0.9238622785 0 -0.382724613 0.3827247024 0 0.9238621593 3036.dat
1 15 991.9988403 24.622015 -531.3505859 0 -1 0 0.9238621593 0 -0.38272506 0.382725209 0 0.9238619804 50305.dat
1 15 991.9988403 -58.52561569 -565.7957764 0 -1 0 0.382724762 0 0.9238622189 -0.9238620996 0 0.3827248514 3036.dat
1 15 999.9986572 -20.25310707 -658.1820679 0 -1 0 0.9238622189 0 -0.3827247024 0.3827248216 0 0.9238621593 3958.dat
1 15 991.9990234 64.21250153 -731.4324341 0 -1.000000238 0 0.9238622189 0 -0.3827249408 0.38272506 0 0.92386204 47397.dat
1 15 999.9991455 25.6737709 -769.0457764 0 -1.000000238 0 0.3827245831 0 0.9238622785 -0.9238622189 0 0.3827246726 3032.dat
1 15 991.9987793 18.01904488 -750.5684204 0 -1 0 0.382724762 0 0.9238622189 -0.9238620996 0 0.3827248514 2445.dat
1 15 999.9986572 63.94651031 -861.4317017 0 -1 0 0.382724762 0 0.9238622189 -0.9238620996 0 0.3827248514 3020.dat
1 15 991.9992676 97.73260498 -890.7318115 0 -1 0 0.9238622189 0 -0.3827249408 0.38272506 0 0.92386204 41770.dat
1 15 991.9988403 60.77783203 -906.0409546 0 -1 0 0.9238622189 0 -0.3827249408 0.38272506 0 0.92386204 41769.dat
1 15 991.9990234 -28.17372131 -769.704834 0 -1.000000238 0 0.9238622189 0 -0.3827249408 0.38272506 0 0.92386204 47398.dat
1 0 1029.999268 -81.48635864 -510.3631897 -0.9999999404 -8.940696716e-8 0 3.421806127e-8 -0.9238628149 -0.3827225864 -8.259979722e-8 -0.3827226162 0.9238629937 32013.dat
1 0 1029.999023 -47.04137802 -593.5111694 -3.139164733e-7 0 -1 -0.3827227056 0.9238629937 1.201429569e-7 0.9238632321 0.382722646 -2.900158904e-7 3707.dat
1 71 1029.999023 -58.51435089 -565.7918091 -5.960464478e-8 -0.9999999404 -2.304046376e-7 -0.9238946438 -1.432316594e-7 0.3826450706 -0.3826454282 1.900621953e-7 -0.9238948822 6590.dat
1 71 1029.999023 -50.86906052 -584.2728882 -5.960464122e-8 -0.9999998808 -2.304046234e-7 0.9238945246 1.432316594e-7 -0.3826450706 0.3826453686 -1.900621953e-7 0.9238948822 6590.dat
1 71 1029.999023 -35.56004333 -621.2272949 -5.960464122e-8 -0.9999998808 -2.304046234e-7 0.9238945246 1.432316594e-7 -0.3826450706 0.3826453686 -1.900621953e-7 0.9238948822 6590.dat
1 0 1029.998779 -16.42549133 -667.4212646 -1 0 0 0 -0.9238793254 -0.3826850653 0 -0.3826851547 0.9238792658 59443.dat
1 0 1029.999023 6.537689209 -722.8526611 0 -1 0 -0.3827230334 0 -0.9238625765 0.9238626361 0 -0.3827228546 3706.dat
1 71 1029.999023 2.711344242 -713.6135864 -5.960464478e-8 -0.9999999404 -2.304046376e-7 -0.9238946438 -1.432316594e-7 0.3826450706 -0.3826454282 1.900621953e-7 -0.9238948822 6590.dat
1 71 1029.999023 10.36447334 -732.0916138 -5.960464122e-8 -0.9999998808 -2.304046234e-7 0.9238945246 1.432316594e-7 -0.3826450706 0.3826453686 -1.900621953e-7 0.9238948822 6590.dat
1 0 1029.999023 33.32719421 -787.5235596 0.9999999404 8.940696716e-8 0 -3.42146933e-8 -0.9238786101 0.3826847672 8.26012112e-8 -0.3826847672 -0.9238789082 32013.dat
1 71 1029.998901 -27.90613747 -639.7045898 -5.960464122e-8 -0.9999998808 -2.304046234e-7 0.9238945246 1.432316594e-7 -0.3826450706 0.3826453686 -1.900621953e-7 0.9238948822 6590.dat
1 0 1009.998962 -66.17746735 -547.3179932 0 3.258411994e-7 -0.9999994636 0.3827207386 -0.9238619804 -3.010324576e-7 -0.9238622785 -0.3827207983 -1.247062755e-7 32039.dat
1 0 1009.999207 18.01921463 -750.5686035 0 3.258413699e-7 -1 0.3827243447 -0.9238621593 -3.010325145e-7 -0.9238621593 -0.3827246726 -1.247075261e-7 32039.dat
1 0 1029.999634 -89.39473724 -621.885376 -1 0 3.139164733e-7 2.900209495e-7 -0.3826839626 0.9238793254 1.201308066e-7 0.9238793254 0.3826839626 30553.dat
1 0 1029.999634 -70.91716766 -614.2317505 3.139164733e-7 0 1 -0.9238786101 0.3826845586 2.900207221e-7 -0.3826847374 -0.9238787293 1.201310482e-7 32062.dat
1 0 1029.99939 -43.21408463 -602.7491455 0 -1.000000358 0 -0.3827247322 0 -0.9238626957 0.9238621593 0 -0.3827251494 32034.dat
1 0 1029.99939 -15.49806118 -591.2677612 3.139165017e-7 0 1.000000119 -0.9238635302 0.3827225864 2.900159757e-7 -0.382723093 -0.9238629937 1.201430848e-7 32062.dat
1 0 1029.99939 2.979244947 -583.6135254 1.000000238 0 -3.139165585e-7 -2.900159473e-7 -0.3827229738 -0.9238634109 -1.201431985e-7 0.9238636494 -0.3827234507 30553.dat
1 15 967.9993896 -265.4352112 -736.5026855 0 -1 0 0.7070456147 0 -0.7071679235 0.7071679235 0 0.7070456147 50304.dat
1 15 975.9996338 -215.9444275 -658.7175903 0 -1 0 -0.7070458531 0 0.7071676254 -0.7071672082 0 -0.7070457935 3036.dat
1 15 967.9992676 -201.8010559 -672.8597412 0 -1 0 -0.7071676254 0 -0.7070458531 0.7070457935 0 -0.7071672082 3036.dat
1 15 975.9991455 -131.084198 -743.5621948 0 -1.000000119 0 0.7070458531 0 -0.7071676254 0.7071672082 0 0.7070457935 3958.dat
1 15 999.9991455 -173.514389 -701.1395264 0 -1 0 0.7070458531 0 -0.7071676254 0.7071672082 0 0.7070457935 6143.dat
1 0 999.9991455 -173.5144348 -701.1395264 1.000000238 0 -3.139165585e-7 2.219915842e-7 -0.7070459723 0.707167685 -2.219533002e-7 -0.7071674466 -0.7070457339 32062.dat
1 0 1009.998901 -173.5144196 -701.1396484 0 3.258413983e-7 -1.000000119 -0.7070468068 -0.7071661353 -2.304239786e-7 -0.7071657777 0.7070466876 2.30385055e-7 32039.dat
1 0 1029.999268 -192.1229858 -719.1937256 3.139165869e-7 0 1.000000358 -0.7071362734 0.7070776224 2.219817219e-7 -0.7070771456 -0.7071359158 2.219631625e-7 3707.dat
1 0 1029.999268 -248.6939392 -775.7595215 -1.000000358 0 3.139165869e-7 2.219817219e-7 -0.7070776224 0.7071362734 2.219631625e-7 0.7071359158 0.7070771456 30552.dat
1 71 1029.999146 -187.6551819 -715.282959 -1 -5.960465188e-8 -2.30404666e-7 2.050571766e-7 0.7071676254 -0.7070459127 1.207914266e-7 -0.7070453167 -0.7071675062 6590.dat
1 71 1029.999146 -159.3734436 -686.9963379 -1 -5.960465188e-8 -2.30404666e-7 2.050571766e-7 0.7071676254 -0.7070459127 1.207914266e-7 -0.7070453167 -0.7071675062 6590.dat
1 0 1029.99939 -133.9902191 -661.0667725 0 -1.000000238 0 0.7070775628 0 0.7071365714 -0.7071359754 0 0.7070774436 59443.dat
1 0 1029.99939 -119.8475037 -646.9250488 0 -1.000000238 0 -0.707136035 0 0.7070778012 -0.707077384 0 -0.7071357369 32062.dat
1 0 1029.99939 -105.7046738 -632.7832031 1.000000358 0 -3.139165869e-7 -2.219817219e-7 -0.7070779204 -0.7071362734 -2.219631625e-7 0.707136333 -0.7070771456 30552.dat
1 15 967.9995728 -95.71976471 -849.6260376 0 -1.000000119 0 0.7070456147 0 -0.7071678638 0.7071674466 0 0.7070455551 47398.dat
1 15 975.9997559 -46.22442627 -828.4069824 0 -1.000000119 0 0.7071676254 0 0.7070458531 -0.7070457935 0 0.7071672082 3032.dat
1 15 967.9992676 -60.36748123 -814.2667847 0 -1 0 0.7071676254 0 0.7070458531 -0.7070457935 0 0.7071672082 2445.dat
1 15 975.9991455 24.49253464 -899.1126099 0 -1 0 0.7071676254 0 0.7070458531 -0.7070457935 0 0.7071672082 3020.dat
1 15 967.9992676 38.6386261 -941.5379639 0 -1 0 0.7070456147 0 -0.7071678638 0.7071674466 0 0.7070455551 41769.dat
1 15 967.9997559 66.92047882 -913.2512207 0 -1 0 0.7070456147 0 -0.7071678638 0.7071674466 0 0.7070455551 41770.dat
1 15 999.9996948 -60.36765671 -814.2668457 0 -1.000000119 0 0.7070458531 0 -0.7071676254 0.7071672082 0 0.7070457935 6143.dat
1 71 1029.999023 -60.3676796 -814.2670898 0 1.000000119 0 0.7070460916 0 0.707167387 0.7071669698 0 -0.707046032 32014.dat
1 0 1029.999023 -87.24003601 -787.399353 -3.139165585e-7 0 -1.000000238 0.7071675658 -0.7070459127 -2.219915416e-7 -0.7070458531 -0.7071671486 2.219533428e-7 32062.dat
1 0 1029.999023 -94.31187439 -780.3288574 0 -1 -3.258413699e-7 -0.707046628 -2.304241207e-7 0.7071665525 -0.7071664333 2.303849982e-7 -0.7070465088 32039.dat
1 0 1029.999023 -109.8688583 -767.6022949 0 -1.000000358 0 -0.7070457935 0 0.7071681619 -0.7071676254 0 -0.7070457339 3706.dat
1 0 1029.999023 -156.2997894 -814.0441895 -1.000000358 0 3.139165869e-7 2.219534139e-7 -0.7071681619 0.7070460916 2.219914705e-7 0.7070460916 0.7071673274 30552.dat
1 71 1029.999146 -123.5451126 -781.828064 -1 -5.960465188e-8 -2.30404666e-7 2.050571482e-7 0.7071678042 -0.7070457935 1.207913698e-7 -0.7070454955 -0.7071672678 6590.dat
1 71 1029.999146 -93.84947968 -752.12677 -1 -5.960465188e-8 -2.30404666e-7 2.050571482e-7 0.7071678042 -0.7070457935 1.207913698e-7 -0.7070454955 -0.7071672678 6590.dat
1 0 1029.999023 -67.44642639 -725.1723022 1.000000358 0 -3.139165869e-7 -2.219533997e-7 -0.7071679235 -0.707046032 -2.21991499e-7 0.7070459723 -0.707167387 30552.dat
1 0 999.9996948 -60.36658859 -814.2679443 -1.000000238 0 3.139165585e-7 -2.219915416e-7 -0.7070446014 -0.7071675658 2.219533428e-7 -0.7071682215 0.7070458531 32062.dat
1 15 967.9996338 -25.01506805 -778.9089966 0 -1.000000119 0 0.7070456147 0 -0.7071678638 0.7071674466 0 0.7070455551 47397.dat
1 15 967.9994507 -138.1669769 -609.2127686 0 -1 0 0.7070456147 0 -0.7071678638 0.7071674466 0 0.7070455551 50305.dat
1 0 1029.999268 -297.86026 -884.4570923 -1 0 3.139164733e-7 1.201184432e-7 -0.9238955975 0.3826445937 2.90026037e-7 0.3826445937 0.9238955975 30553.dat
1 0 1029.999268 -290.2073669 -865.979126 3.139164733e-7 0 1 -0.3826437294 0.9238956571 1.201181732e-7 -0.9238959551 -0.3826438189 2.900261507e-7 32062.dat
1 0 1029.999268 -278.7261353 -838.2629395 0 -1.000000119 0 -0.923879683 0 -0.3826826215 0.3826827109 0 -0.9238803387 32034.dat
1 0 1029.999268 -267.2453308 -810.5465088 3.139164164e-7 0 0.9999998212 -0.3826820552 0.9238794446 1.201301956e-7 -0.923879683 -0.3826825619 2.900210632e-7 32062.dat
1 0 1029.999268 -259.5918884 -792.0688477 0.9999999404 0 -3.139164448e-7 -1.201300819e-7 -0.9238802791 -0.3826816976 -2.900210916e-7 0.3826827407 -0.9238798022 30553.dat
1 15 991.9993286 -111.772171 -853.3014526 0 -1 0 0.3826837838 0 -0.923879385 0.923879385 0 0.3826837838 47397.dat
1 15 999.9993286 -112.4288101 -907.1499634 0 -1 0 0.9238793254 0 0.3826841414 -0.3826843202 0 0.923879981 3032.dat
1 15 991.9989624 -130.9062958 -899.4952393 0 -0.9999997616 0 0.9238792062 0 0.3826840222 -0.3826839328 0 0.9238802195 2445.dat
1 15 999.9989624 -20.04083443 -945.4172363 0 -0.9999997616 0 0.9238792062 0 0.3826840222 -0.3826839328 0 0.9238802195 3020.dat
1 15 991.9995117 24.5680275 -942.2466431 0 -0.9999997616 0 0.3826837838 0 -0.9238792658 0.923879385 0 0.3826837242 41770.dat
1 15 991.9991455 9.26061821 -979.2021484 0 -0.9999997616 0 0.3826837838 0 -0.9238792658 0.923879385 0 0.3826837242 41769.dat
1 15 999.9989624 -223.2943115 -861.2263794 0 -0.9999997616 0 0.3826840222 0 -0.9238792062 0.9238802195 0 0.3826839328 3958.dat
1 15 991.9991455 -297.2007141 -830.6103516 0 -0.9999992847 0 0.382684499 0 -0.9238789082 0.923879087 0 0.382684052 3958.dat
1 15 999.9993286 -315.6783142 -822.9567261 0 -0.9999991655 0 0.3826842308 0 -0.9238789082 0.9238789082 0 0.382684052 3035.dat
1 0 1009.999268 -334.1588745 -815.3016968 0 3.258412562e-7 -0.9999996424 -0.9238795042 0.3826831281 1.246939973e-7 0.3826830387 0.9238795042 3.010381704e-7 32039.dat
1 0 1029.999268 -287.9649048 -834.4360352 3.13916388e-7 0 0.9999997616 0.9238798618 0.3826834559 -2.9002112e-7 -0.3826833069 0.9238802791 1.201305935e-7 3707.dat
1 0 1029.99939 -371.1166382 -800.0005493 -0.999999702 -8.940694585e-8 0 8.260268203e-8 -0.3826455474 -0.923895359 -3.421118322e-8 -0.9238956571 0.3826454878 32013.dat
1 71 1029.999146 -315.6813049 -822.9556274 -0.999999702 -5.960463056e-8 -2.304045807e-7 -1.900564399e-7 0.3826825321 0.9238795042 1.432393759e-7 0.923879683 -0.3826824129 6590.dat
1 71 1029.99939 -297.2027588 -830.6077271 5.960461991e-8 0.9999995232 2.304045381e-7 -0.3826446533 1.900623232e-7 -0.9238952398 -0.923895359 -1.432315457e-7 0.3826444149 6590.dat
1 71 1029.99939 -260.2481995 -845.9168701 5.960461991e-8 0.9999995232 2.304045381e-7 -0.3826446533 1.900623232e-7 -0.9238952398 -0.923895359 -1.432315457e-7 0.3826444149 6590.dat
1 0 1029.999268 -214.056015 -865.0551758 0.9999996424 0 0 0 -0.382645905 0.9238954186 0 -0.9238964915 -0.3826456964 59443.dat
1 0 1029.99939 -158.622818 -888.0147095 0 0.9999997616 0 0.923879087 0 -0.3826836646 -0.3826835155 0 -0.9238791466 3706.dat
1 71 1030.002075 -167.8606262 -884.1846313 -0.999999702 -5.960463056e-8 -2.304045807e-7 -1.900564399e-7 0.3826825321 0.9238795042 1.432393759e-7 0.923879683 -0.3826824129 6590.dat
1 71 1029.99939 -149.3838806 -891.8412476 5.960461991e-8 0.9999995232 2.304045381e-7 -0.3826446533 1.900623232e-7 -0.9238952398 -0.923895359 -1.432315457e-7 0.3826444149 6590.dat
1 0 1029.999512 -93.95115662 -914.8025513 0.999999702 8.940694585e-8 0 -8.260123963e-8 -0.3826834559 0.923879087 3.421454053e-8 -0.9238799214 -0.3826832175 32013.dat
1 71 1029.999268 -241.770752 -853.5698242 5.960461991e-8 0.9999995232 2.304045381e-7 -0.3826446235 1.900623232e-7 -0.9238952398 -0.923895359 -1.432315457e-7 0.3826444149 6590.dat
1 15 991.9990234 -281.2406006 -739.8091431 0 -0.9999997616 0 0.3826836646 0 -0.9238796234 0.9238798618 0 0.3826835752 50305.dat
1 15 991.9991455 -350.1237793 -906.1077271 0 -0.9999997616 0 0.3826838136 0 -0.9238795042 0.9238798618 0 0.3826838434 50304.dat
1 15 991.9993286 -150.0405731 -945.68927 0 -1 0 0.3826837838 0 -0.9238792658 0.923879385 0 0.3826837242 47398.dat
1 0 1009.99939 -130.9064636 -899.4963379 0 3.258413415e-7 -0.9999998808 -0.9238792658 0.3826840818 1.2469431e-7 0.3826844096 0.9238797426 3.010382272e-7 32039.dat
1 19 1019.99939 -371.1165771 -800.0009766 -0.9999999404 0 -8.940696716e-8 0 -8.940696716e-8 0.9999999404 8.940696716e-8 0.9999999404 0 6562.dat
1 19 1020.000488 -371.1159973 -1209.605591 -0.9999999404 0 -8.940696716e-8 0 -8.940696716e-8 0.9999999404 8.940696716e-8 0.9999999404 0 6562.dat
1 0 1000.000488 -371.1159973 -1209.605591 0 0 1 0 1 0 -1 0 0 59443.dat
1 0 920.0003662 -371.1159973 -1209.605469 -1 0 3.139164733e-7 0 1 0 -3.139164733e-7 0 -1 3707.dat
1 0 840.0003662 -371.1159973 -1209.605469 0 0 1 0 1 0 -1 0 0 59443.dat
1 0 760.0003052 -371.1159973 -1209.605469 -1 0 3.139164733e-7 0 1 0 -3.139164733e-7 0 -1 3707.dat
1 0 680.0001831 -371.1159973 -1209.605469 0 0 1 0 1 0 -1 0 0 59443.dat
1 71 649.9998779 -371.1144409 -1209.610229 -1 0 3.139164733e-7 0 1 0 -3.139164733e-7 0 -1 4519.dat
1 0 619.9997559 -371.1144409 -1209.610229 0 0 1 0 1 0 -1 0 0 59443.dat
1 0 579.9997559 -371.1144409 -1209.610229 -1 0 3.139164733e-7 0 1 0 -3.139164733e-7 0 -1 3705.dat
1 0 539.9996338 -371.1144409 -1209.610229 0 0 1 0 1 0 -1 0 0 59443.dat
1 19 519.9995728 -371.1144409 -1209.610229 0.9999999404 0 8.940696716e-8 0 -8.940696716e-8 0.9999999404 -8.940696716e-8 -0.9999999404 0 6562.dat
1 15 991.9987793 -350.1240845 -1103.498291 0 -1 0 -0.3826862276 0 -0.9238783717 0.9238783717 0 -0.3826862276 50305.dat
1 15 999.9989624 -315.6784363 -1186.645386 0 -0.9999996424 0 -0.3826855123 0 -0.9238780737 0.9238781929 0 -0.3826854229 3035.dat
1 15 991.9988403 -297.2008362 -1178.991577 0 -0.9999997616 0 -0.3826855421 0 -0.9238782525 0.9238786697 0 -0.3826855123 3958.dat
1 15 999.9986572 -223.2944946 -1148.378662 0 -1 0 -0.3826858401 0 -0.9238777757 0.9238785505 0 -0.3826858401 3958.dat
1 15 991.9990234 -111.7724915 -1156.303833 0 -1.000000238 0 -0.3826860785 0 -0.9238784313 0.9238784313 0 -0.3826860785 47398.dat
1 15 999.9990234 -112.4292755 -1102.454712 0 -1.000000238 0 0.9238781929 0 -0.382686168 0.3826856911 0 0.9238786697 3032.dat
1 15 991.9986572 -130.9064331 -1110.110229 0 -1 0 0.9238777757 0 -0.3826858401 0.3826858401 0 0.9238785505 2445.dat
1 15 999.9986572 -20.04098129 -1064.187378 0 -1 0 0.9238777757 0 -0.3826858401 0.3826858401 0 0.9238785505 3020.dat
1 15 991.9988403 24.56777191 -1067.35791 0 -1 0 -0.3826860785 0 -0.9238784313 0.9238784313 0 -0.3826860785 41769.dat
1 15 991.9992676 9.259981155 -1030.402588 0 -1 0 -0.3826860785 0 -0.9238784313 0.9238784313 0 -0.3826860785 41770.dat
1 15 991.9990234 -150.0410614 -1063.916504 0 -1.000000238 0 -0.3826860785 0 -0.9238784313 0.9238784313 0 -0.3826860785 47397.dat
1 15 991.9988403 -281.2406921 -1269.796387 0 -1 0 -0.3826860785 0 -0.9238784313 0.9238784313 0 -0.3826860785 50304.dat
1 0 1029.999146 -371.1138611 -1209.61145 -0.9999999404 -8.940696716e-8 0 8.259979012e-8 0.3827216923 -0.9238628745 3.421799022e-8 -0.9238635898 -0.3827217817 32013.dat
1 0 1029.999146 -287.9674683 -1175.163574 3.139164733e-7 0 1 0.9238784909 -0.3826836646 -2.900206653e-7 0.3826839626 0.9238800406 -1.201308066e-7 3707.dat
1 71 1029.999023 -315.68396 -1186.642212 -5.960463767e-8 -0.9999998212 -2.304046092e-7 0.3826452792 -1.900620248e-7 0.9238941073 -0.923895061 -1.432317021e-7 0.3826451302 6590.dat
1 71 1029.999023 -297.2030029 -1178.997437 -5.960463412e-8 -0.9999997616 -2.30404595e-7 -0.3826452494 1.900620248e-7 -0.9238941073 0.9238949418 1.432316878e-7 -0.3826451302 6590.dat
1 71 1029.999023 -260.2485962 -1163.688232 -5.960463412e-8 -0.9999997616 -2.30404595e-7 -0.3826452494 1.900620248e-7 -0.9238941073 0.9238949418 1.432316878e-7 -0.3826451302 6590.dat
1 0 1029.999146 -214.055542 -1144.552002 1 0 0 0 0.3827216923 0.9238632321 0 -0.923864305 0.3827218115 59443.dat
1 0 1029.999023 -158.6233368 -1121.590576 0 1 0 0.9238783717 0 0.3826832473 0.3826833963 0 -0.9238792062 3706.dat
1 71 1029.999023 -167.8622437 -1125.416626 -5.960463767e-8 -0.9999998212 -2.304046092e-7 0.3826452196 -1.90062039e-7 0.9238941073 -0.9238958955 -1.432317447e-7 0.3826451302 6590.dat
1 71 1029.999023 -149.3841248 -1117.763672 -5.960463412e-8 -0.9999997616 -2.30404595e-7 -0.3826452494 1.900620248e-7 -0.9238941073 0.9238949418 1.432316878e-7 -0.3826451302 6590.dat
1 0 1029.999023 -93.95185852 -1094.802856 0.9999999404 8.940696716e-8 0 -8.260114726e-8 0.3826835454 0.9238781929 -3.421459382e-8 -0.923879385 0.3826836348 32013.dat
1 71 1029.999146 -241.7734375 -1156.029663 -5.960463412e-8 -0.9999997616 -2.30404595e-7 -0.3826452494 1.900620248e-7 -0.9238941073 0.9238949418 1.432316878e-7 -0.3826451302 6590.dat
1 0 1009.998962 -130.9029694 -1110.108276 0 3.258412278e-7 -0.9999995232 0.9238778949 0.3826852143 1.246946795e-7 0.3826848567 -0.9238784909 -3.010378293e-7 32039.dat
1 0 1009.999084 -334.1560364 -1194.299072 0 3.258412278e-7 -0.9999995232 0.9238780737 0.3826855123 1.246947647e-7 0.3826853037 -0.9238779545 -3.010376588e-7 32039.dat
1 0 1029.999146 -297.8599548 -1125.142822 1 0 -3.139164733e-7 1.201431274e-7 -0.9238630533 0.3827232122 -2.900158336e-7 -0.3827232122 -0.9238630533 30553.dat
1 0 1029.999146 -290.2054138 -1143.620361 3.139164733e-7 0 1 0.3827229142 0.9238626361 -1.20143028e-7 -0.9238631725 0.3827228844 2.90015862e-7 32062.dat
1 0 1029.999146 -278.7284546 -1171.337036 0 -1 0 -0.9238777757 0 0.382687211 -0.38268736 0 -0.9238787293 32034.dat
1 0 1029.99939 -267.2444153 -1199.060181 3.139164733e-7 0 1 0.3827236593 0.9238622785 -1.201432553e-7 -0.9238633513 0.3827237487 2.900159188e-7 32062.dat
1 0 1029.99939 -259.5899963 -1217.537354 -1 0 3.139164733e-7 -1.201429853e-7 -0.9238626361 -0.382722795 2.900160325e-7 -0.3827231526 0.923863709 30553.dat
1 15 967.9994507 -268.2602539 -1270.299072 0 -1 0 -0.7071059346 0 -0.7071076632 0.7071076632 0 -0.7071059346 50305.dat
1 15 975.9995728 -218.7628326 -1348.080811 0 -1 0 0.7071056962 0 0.707107842 -0.7071077824 0 0.7071056366 3036.dat
1 15 967.9993896 -204.6207428 -1333.938843 0 -1 0 -0.707107842 0 0.7071056962 -0.7071056366 0 -0.7071077824 3036.dat
1 15 975.9992676 -133.9098969 -1263.227783 0 -1.000000119 0 -0.7071056962 0 -0.707107842 0.7071077824 0 -0.7071056366 3958.dat
1 15 999.9992676 -176.3365021 -1305.654541 0 -1 0 -0.7071056962 0 -0.707107842 0.7071077824 0 -0.7071056366 6143.dat
1 0 999.9992676 -176.3365326 -1305.654419 1.000000238 0 -3.139165585e-7 2.219727833e-7 0.7071059346 0.7071077824 2.219721296e-7 -0.7071080208 0.7071056962 32062.dat
1 0 1009.999268 -176.3364563 -1305.654541 0 3.258413699e-7 -1 0.7071055174 -0.7071076035 -2.304049076e-7 -0.707107842 -0.7071055174 -2.304042255e-7 32039.dat
1 0 1029.999146 -162.2777557 -1320.261475 3.139165869e-7 0 1.000000358 0.7071073055 0.7071065307 -2.219726269e-7 -0.7071066499 0.7071069479 2.21972428e-7 3707.dat
1 0 1029.999146 -220.4075317 -1262.130981 0 -1.000000238 0 0.7071064711 0 -0.7071076035 0.7071070075 0 0.7071068287 59443.dat
1 0 1029.999146 -234.5495911 -1247.989136 0 -1.000000238 0 0.7071075439 0 0.7071062326 -0.7071064115 0 0.7071072459 32062.dat
1 0 1029.999146 -248.6917419 -1233.846924 1.000000358 0 -3.139165869e-7 2.219726554e-7 -0.7071067691 0.7071073651 -2.219724422e-7 -0.7071073055 -0.7071067095 30552.dat
1 71 1029.999268 -190.478653 -1291.512207 -1 -5.960465188e-8 -2.30404666e-7 -1.207735778e-7 0.7071076035 0.7071061134 2.050677494e-7 0.7071057558 -0.707107842 6590.dat
1 71 1029.99939 -162.1944427 -1319.796509 -1 -5.960465188e-8 -2.30404666e-7 -1.207735778e-7 0.7071076035 0.7071061134 2.050677494e-7 0.7071057558 -0.707107842 6590.dat
1 0 1029.999023 -105.7091141 -1376.829956 -1.000000358 0 3.139165869e-7 -2.219726554e-7 -0.7071064711 -0.7071073651 2.219724138e-7 -0.7071070075 0.7071065903 30552.dat
1 15 967.9998169 -98.55413818 -1157.161865 0 -1.000000119 0 -0.7071059346 0 -0.7071076035 0.7071075439 0 -0.707105875 47397.dat
1 15 975.9997559 -49.05736542 -1178.375977 0 -1.000000119 0 0.707107842 0 -0.7071055174 0.7071056366 0 0.7071071267 3032.dat
1 15 967.9993896 -63.19908905 -1192.517456 0 -1 0 0.707107842 0 -0.7071056962 0.7071056366 0 0.7071077824 2445.dat
1 15 975.9992676 21.65391541 -1107.664673 0 -1 0 0.707107842 0 -0.7071056962 0.7071056366 0 0.7071077824 3020.dat
1 15 968 35.79616547 -1065.238037 0 -1 0 -0.7071059346 0 -0.7071076035 0.7071075439 0 -0.707105875 41770.dat
1 15 967.9995728 64.080513 -1093.522705 0 -1 0 -0.7071059346 0 -0.7071076035 0.7071075439 0 -0.707105875 41769.dat
1 15 999.9996948 -63.19918823 -1192.5177 0 -1.000000119 0 -0.7071055174 0 -0.707107842 0.7071071267 0 -0.7071056366 6143.dat
1 71 1029.999146 -63.19915009 -1192.518066 0 1.000000119 0 -0.707105279 0 0.7071080804 0.7071073651 0 0.7071053982 32014.dat
1 0 1029.999146 -90.06924438 -1219.388062 -3.139165585e-7 0 -1.000000238 0.7071079016 0.7071054578 -2.219728117e-7 0.707105577 -0.7071071863 -2.219720869e-7 32062.dat
