1 0 809.9992065 340.6038208 -914.8086548 -0.9999999404 -8.940696716e-8 0 8.259985407e-8 0.3827215135 -0.9238636494 3.421797246e-8 -0.923863709 -0.3827216029 32013.dat
1 0 809.9992065 405.2752075 -888.0196533 0 1 0 0.9238791466 0 0.3826832771 0.3826833367 0 -0.9238792658 3706.dat
1 71 809.9990845 377.5587463 -899.4993896 -5.960463412e-8 -0.9999997616 -2.30404595e-7 0.3826450109 -1.900622806e-7 0.9238951206 -0.9238950014 -1.432316168e-7 0.3826448023 6590.dat
1 71 809.9992676 396.0361938 -891.8453979 -5.960463412e-8 -0.9999997616 -2.30404595e-7 0.3826450109 -1.900622806e-7 0.9238951206 -0.9238950014 -1.432316168e-7 0.3826448023 6590.dat
1 71 809.9992065 414.5115356 -884.1864624 -5.960463767e-8 -0.9999998212 -2.304046092e-7 0.3826449513 -1.900622806e-7 0.9238951206 -0.9238952994 -1.432316452e-7 0.3826448321 6590.dat
1 0 809.9993896 460.7077637 -865.059082 1 0 0 0 0.3827216327 0.9238641262 0 -0.9238649011 0.3827217221 59443.dat
1 0 809.9992065 534.6173096 -834.4421387 3.139164733e-7 0 1 0.9238789082 -0.3826836348 -2.900208074e-7 0.3826839626 0.923879385 -1.201308066e-7 3707.dat
1 71 809.9990845 488.4230957 -853.5758057 -5.960463412e-8 -0.9999997616 -2.30404595e-7 0.3826450109 -1.900622806e-7 0.9238951206 -0.9238950014 -1.432316168e-7 0.3826448023 6590.dat
1 71 809.9992065 506.9006348 -845.9230347 -5.960463412e-8 -0.9999997616 -2.30404595e-7 0.3826450109 -1.900622806e-7 0.9238951206 -0.9238950014 -1.432316168e-7 0.3826448023 6590.dat
1 71 809.9992065 543.8548584 -830.612915 -5.960463412e-8 -0.9999997616 -2.30404595e-7 0.3826450109 -1.900622806e-7 0.9238951206 -0.9238950014 -1.432316168e-7 0.3826448023 6590.dat
1 71 809.9992065 562.3335571 -822.9613037 -5.960463767e-8 -0.9999998212 -2.304046092e-7 0.3826449215 -1.900622806e-7 0.9238951206 -0.923895061 -1.43231631e-7 0.3826448619 6590.dat
1 71 809.9990845 580.8108521 -815.3077393 -5.960463412e-8 -0.9999997616 -2.30404595e-7 0.3826450109 -1.900622806e-7 0.9238951206 -0.9238950014 -1.432316168e-7 0.3826448023 6590.dat
1 0 809.9992065 617.7662964 -800.0008545 0.9999999404 8.940696716e-8 0 -8.260121831e-8 0.3826834857 0.9238790274 -3.421458317e-8 -0.923879385 0.3826835155 32013.dat
1 71 794.9990234 340.6040344 -914.8085327 0 0 -1 0 1 0 1 0 0 32123a.dat
1 0 829.9990845 340.6040344 -914.8085327 1 0 -3.139164733e-7 0 1 0 3.139164733e-7 0 1 3705.dat
1 71 864.9990234 340.6040344 -914.8085327 0 0 -1 0 1 0 1 0 0 32123a.dat
1 71 829.9989014 123.1040268 -964.8086548 -1 0 0 0 1 0 0 0 -1 3003.dat
1 71 829.9989624 147.1040344 -1004.808594 0 0 -1 0 1 0 1 0 0 3795.dat
1 71 829.9989624 155.1040344 -1004.808594 0 0 -1 0 1 0 1 0 0 3795.dat
1 71 829.9989624 163.1040039 -964.8086548 -1 0 0 0 1 0 0 0 -1 3003.dat
1 71 829.9989624 187.1040039 -964.8086548 -1 0 0 0 1 0 0 0 -1 3003.dat
1 71 829.9990845 211.1040344 -964.8086548 -1 0 0 0 1 0 0 0 -1 3003.dat
1 71 829.9991455 235.1040344 -1004.808594 0 0 -1 0 1 0 1 0 0 44237.dat
1 71 829.9990845 259.1040039 -1044.808716 -1 0 0 0 1 0 0 0 -1 3003.dat
1 71 829.9990845 283.1040344 -1044.808594 -1 0 0 0 1 0 0 0 -1 3003.dat
1 71 829.9991455 307.1040649 -1004.808594 0 0 -1 0 1 0 1 0 0 44237.dat
1 71 829.9990845 283.1040039 -964.8086548 -1 0 0 0 1 0 0 0 -1 3003.dat
1 71 829.9990845 259.1040039 -964.8086548 -1 0 0 0 1 0 0 0 -1 3003.dat
1 71 829.9990845 211.1040649 -1044.808716 -1 0 0 0 1 0 0 0 -1 3003.dat
1 71 829.9989624 187.1040344 -1044.808716 -1 0 0 0 1 0 0 0 -1 3003.dat
1 71 829.9989624 163.1040039 -1044.808716 -1 0 0 0 1 0 0 0 -1 3003.dat
1 71 829.9989014 123.1040497 -1044.808594 -1 0 0 0 1 0 0 0 -1 3003.dat
1 71 829.9989014 115.1040192 -1044.808594 -1 0 0 0 1 0 0 0 -1 3022.dat
1 71 829.9989014 91.10400391 -1004.808716 0 0 1 0 1 0 -1 0 0 3001.dat
1 71 819.9988403 115.1040421 -1004.808594 0 0 1 0 1 0 -1 0 0 3700.dat
1 71 829.9986572 139.1040344 -1004.808411 -1 0 0 0 1 0 0 0 -1 3022.dat
1 71 839.9987183 115.1040421 -1004.808594 0 0 1 0 1 0 -1 0 0 3700.dat
1 71 829.9989014 115.1039963 -964.8086548 -1 0 0 0 1 0 0 0 -1 3022.dat
1 71 829.9990845 331.1040649 -954.8084106 -1.000000238 0 0 0 0.9999998808 0 0 0 -0.999999404 32064a.dat
1 0 829.9990845 340.6040039 -1094.808472 0.9999999404 8.940696716e-8 0 0 -1 -8.940698137e-8 8.940696716e-8 0 -0.9999999404 32013.dat
1 0 829.9990845 340.6040649 -1004.808533 -3.139165017e-7 0 -1.000000119 0 -1.000000119 0 -1.000000119 0 3.139165017e-7 3707.dat
1 0 829.9990845 340.6040039 -914.8084717 -0.9999999404 -8.940696716e-8 0 0 -0.9999999404 -8.940696716e-8 -8.940696716e-8 0 0.9999999404 32013.dat
1 71 829.9989624 331.1040344 -974.8085938 -1 0 0 0 1 0 0 0 -1 32064a.dat
1 71 829.9989624 331.1040344 -994.8085938 -1 0 0 0 1 0 0 0 -1 32064a.dat
1 71 829.9989624 331.1040649 -1014.808655 -1 0 0 0 1 0 0 0 -1 32064a.dat
1 71 829.9989014 331.1040344 -1034.80896 -0.9999997616 0 0 0 1.000000119 0 0 0 -1.000000596 32064a.dat
1 71 829.9989624 331.1040344 -1054.808838 -0.9999997616 0 0 0 1.000000119 0 0 0 -1.000000596 32064a.dat
1 0 829.9985962 124.6040573 -1004.808594 -1 0 3.139164733e-7 0 1 0 -3.139164733e-7 0 -1 3707.dat
1 72 901.9987793 124.6040344 -1004.808533 0 1 0 1 0 0 0 0 -1 87081.dat
1 72 925.9989014 124.6040344 -1004.808533 0 1 0 1 0 0 0 0 -1 87081.dat
1 72 949.9988403 124.6040344 -1004.808533 0 1 0 1 0 0 0 0 -1 87081.dat
1 72 973.9989014 124.6040802 -1004.808533 0 1 0 1 0 0 0 0 -1 87081.dat
1 72 853.9987793 124.6040344 -1004.808533 0 1 0 1 0 0 0 0 -1 87081.dat
1 72 877.9988403 124.6040344 -1004.808533 0 1 0 1 0 0 0 0 -1 87081.dat
1 72 785.9988403 124.6040802 -1004.808411 0 1 0 1 0 0 0 0 -1 87081.dat
1 72 761.9987793 124.6040344 -1004.808411 0 1 0 1 0 0 0 0 -1 87081.dat
1 72 737.9987793 124.6040344 -1004.808411 0 1 0 1 0 0 0 0 -1 87081.dat
1 72 713.9985962 124.6040344 -1004.808411 0 1 0 1 0 0 0 0 -1 87081.dat
1 72 689.9986572 124.6040344 -1004.808411 0 1 0 1 0 0 0 0 -1 87081.dat
1 72 665.9984741 124.6040344 -1004.808411 0 1 0 1 0 0 0 0 -1 87081.dat
1 0 829.9992676 340.6040039 -1094.80835 1 0 -3.139164733e-7 0 1 0 3.139164733e-7 0 1 3705.dat
1 71 864.9992065 340.6040039 -1094.80835 0 0 -1 0 1 0 1 0 0 32123a.dat
1 71 794.9992065 340.6040039 -1094.80835 0 0 -1 0 1 0 1 0 0 32123a.dat
1 0 810.0004883 340.6037903 -1094.80896 -0.9999999404 -8.940696716e-8 0 8.260265361e-8 -0.3826458454 -0.923895061 -3.421120809e-8 -0.9238950014 0.382645756 32013.dat
1 0 810.0004883 405.2755737 -1121.595581 0 1 0 0.9238789082 0 -0.3826837242 -0.3826838732 0 -0.9238789082 3706.dat
1 0 810.0004883 460.7080994 -1144.556885 1 0 0 0 -0.3826459944 0.9238954186 0 -0.9238954186 -0.3826460242 59443.dat
1 0 810.0001221 534.6194458 -1175.169312 3.139164733e-7 0 1 0.923879683 0.382683754 -2.900210632e-7 -0.382683754 0.923879385 1.201307356e-7 3707.dat
1 71 810.0001221 580.8129883 -1194.303955 5.960463767e-8 0.9999998212 2.304046092e-7 0.3826446235 -1.900622806e-7 0.923895061 0.9238950014 1.432316168e-7 -0.3826448023 6590.dat
1 71 810.0001221 562.3355103 -1186.650146 5.960463767e-8 0.9999998212 2.304046092e-7 0.3826446235 -1.900622806e-7 0.923895061 0.9238950014 1.432316168e-7 -0.3826448023 6590.dat
1 71 809.9894409 543.8577271 -1178.998047 0.9999995828 5.960462346e-8 2.304045523e-7 -2.356757989e-7 -0.3826835752 0.9238792658 3.310461949e-8 -0.923879385 -0.382684052 6590.dat
1 71 809.9928589 506.9024048 -1163.690796 0.9999995828 5.960462346e-8 2.304045523e-7 -2.356757989e-7 -0.3826835752 0.9238792658 3.310461949e-8 -0.923879385 -0.382684052 6590.dat
1 71 810.000061 488.4257202 -1156.034912 0.9999995828 5.960462346e-8 2.304045523e-7 -2.356757705e-7 -0.382683754 0.9238791466 3.310459462e-8 -0.9238793254 -0.382683903 6590.dat
1 71 810.0001221 414.5136414 -1125.423706 5.960463767e-8 0.9999998212 2.304046092e-7 0.3826446533 -1.900622806e-7 0.923895061 0.9238950014 1.432316168e-7 -0.3826448023 6590.dat
1 71 810.0004883 396.0371399 -1117.769043 0.9999995828 5.960462346e-8 2.304045523e-7 -2.356757989e-7 -0.3826835752 0.9238792658 3.310461949e-8 -0.923879385 -0.382684052 6590.dat
1 71 810.0004883 377.5595398 -1110.115356 0.9999995828 5.960462346e-8 2.304045523e-7 -2.356757705e-7 -0.382683754 0.9238791466 3.310459462e-8 -0.9238793254 -0.382683903 6590.dat
1 0 810.0003052 617.7687378 -1209.610352 0.9999999404 8.940696716e-8 0 -8.260122542e-8 -0.3826837242 0.9238789678 3.421457251e-8 -0.9238793254 -0.3826835752 32013.dat
1 0 810.0003052 452.1269836 -1086.881958 -1 0 3.139164733e-7 -1.201185853e-7 0.9238954186 -0.3826450706 -2.900259801e-7 -0.3826450706 -0.9238954186 30553.dat
1 0 810.0003052 444.4735107 -1105.359985 0 1 0 0.3826448619 0 0.9238945842 0.9238957763 0 -0.3826449215 32062.dat
1 0 810.0003052 432.9941711 -1133.076904 0 1.000000477 8.940702401e-8 0.9238952398 8.260266782e-8 -0.3826442063 -0.3826443255 -3.421108019e-8 -0.9238957167 32013.dat
1 0 810.0007324 455.9530334 -1067.643311 1 0 -3.139164733e-7 0 1 0 3.139164733e-7 0 1 30552.dat
1 0 810.0007324 455.9551392 -1001.971985 0 1 0 -3.139164448e-7 0 -0.9999998808 -1 0 3.139164733e-7 3706.dat
1 0 810.0007935 455.9550781 -941.9719849 -1 0 3.139164733e-7 0 0.9999998808 0 -3.139164733e-7 0 -1 30552.dat
1 0 810.0007324 452.1278381 -922.7335815 1 0 -3.139164733e-7 -1.201435254e-7 0.9238625169 -0.3827244937 2.90015663e-7 0.3827244937 0.9238625169 30553.dat
1 0 810.0007324 444.4736023 -904.2561646 3.139164448e-7 0 0.9999998808 -0.3827241957 -0.9238623381 1.201434259e-7 0.9238626361 -0.3827243149 -2.900156915e-7 32062.dat
1 0 810.0002441 432.9973755 -876.5343628 0 -1.000000358 -8.94070098e-8 0.9238951206 8.260266071e-8 -0.3826444447 0.3826445341 3.421109795e-8 0.9238951802 32013.dat
1 0 810.0004883 544.5160522 -1125.14917 -1 0 3.139164733e-7 -1.201429285e-7 0.9238632917 -0.3827225864 -2.900159188e-7 -0.3827225864 -0.9238632917 30553.dat
1 0 810.0004883 536.8621826 -1143.626465 -3.139164733e-7 0 -1 -0.3827221692 -0.9238625765 1.201428006e-7 -0.9238630533 0.3827222288 2.900158336e-7 32062.dat
1 0 810.0006104 525.3824463 -1171.343384 0 1.000000477 8.940702401e-8 0.9238946438 8.260261808e-8 -0.3826440871 -0.3826443851 -3.421108374e-8 -0.9238952994 32013.dat
1 0 810.0003052 548.3435669 -1105.911011 1 0 -3.139164733e-7 0 1 0 3.139164733e-7 0 1 30552.dat
1 0 810.0003052 548.3435669 -1025.910889 -3.139164733e-7 0 -1 0 -1 0 -1 0 3.139164733e-7 3707.dat
1 0 810.0004272 548.3430176 -943.7025146 0 1 0 -0.9999998808 0 0 0 0 1.000000358 59443.dat
1 0 810.0004272 548.3430176 -923.7026367 -3.139164733e-7 0 -1 0 -1.000000358 0 -0.9999998808 0 3.139164448e-7 32062.dat
1 0 810.0003052 548.3429565 -903.7025146 -1 0 3.139164733e-7 0 1.000000238 0 -3.139164733e-7 0 -1 30552.dat
1 0 810.0003052 544.5165405 -884.4633179 1 0 -3.139164733e-7 -1.201185427e-7 0.9238954782 -0.3826449215 2.900260085e-7 0.3826449215 0.9238954782 30553.dat
1 0 810.0002441 536.8649292 -865.9846191 3.139165017e-7 0 1.000000119 -0.3827224076 -0.923864007 1.201428717e-7 0.9238628745 -0.3827228248 -2.900157767e-7 32062.dat
1 0 809.999939 525.385498 -838.2678833 0 -1.000000596 -8.940703111e-8 0.9238958955 8.260273177e-8 -0.3826441765 0.3826450408 3.421114414e-8 0.923894465 32013.dat
1 71 849.9926758 506.9024658 -1163.690796 0.9999999404 5.960464478e-8 2.304046376e-7 -2.356758273e-7 -0.3826839626 0.9238793254 3.310461949e-8 -0.9238792658 -0.3826839924 6590.dat
1 0 849.9998779 534.6196899 -1175.169067 3.139165869e-7 0 1.000000358 0.9238798618 0.3826841414 -2.9002112e-7 -0.3826838136 0.9238795042 1.201307498e-7 3707.dat
1 71 849.9891968 543.8577881 -1178.998169 0.9999999404 5.960464478e-8 2.304046376e-7 -2.356758273e-7 -0.382683903 0.9238793254 3.31046266e-8 -0.9238791466 -0.3826839924 6590.dat
1 0 850.0003052 460.7084351 -1144.556885 1.000000358 0 0 0 -0.3826463521 0.9238955379 0 -0.9238952994 -0.3826459646 59443.dat
1 0 850.0003052 405.2755432 -1121.595703 0 1.000000358 0 0.9238789678 0 -0.382684052 -0.3826839626 0 -0.9238788486 3706.dat
1 71 849.9998779 414.5138855 -1125.424072 5.960465899e-8 1.000000119 2.304046944e-7 0.3826449811 -1.900622806e-7 0.9238951206 0.923895061 1.43231631e-7 -0.3826448321 6590.dat
1 71 850.0003052 396.0370178 -1117.768799 0.9999999404 5.960464478e-8 2.304046376e-7 -2.356758273e-7 -0.382683903 0.9238793254 3.31046266e-8 -0.9238791466 -0.3826839924 6590.dat
1 0 850.0003052 340.6038513 -1094.808594 -1.000000238 -8.940699558e-8 0 8.260269624e-8 -0.3826462328 -0.9238954782 -3.421121164e-8 -0.9238951206 0.3826457858 32013.dat
1 71 850.0003052 377.5597229 -1110.11499 0.9999999404 5.960464478e-8 2.304046376e-7 -2.356758699e-7 -0.3826841414 0.9238794446 3.310460883e-8 -0.9238794446 -0.3826840222 6590.dat
1 71 849.9998779 562.3357544 -1186.650024 5.960465899e-8 1.000000119 2.304046944e-7 0.3826449513 -1.900622806e-7 0.9238951206 0.9238951802 1.432316452e-7 -0.3826448619 6590.dat
1 71 849.9998169 488.4258423 -1156.03479 0.9999999404 5.960464478e-8 2.304046376e-7 -2.356758699e-7 -0.3826841414 0.9238794446 3.310460883e-8 -0.9238794446 -0.3826840222 6590.dat
1 71 849.9998779 580.8130493 -1194.303833 5.960465899e-8 1.000000119 2.304046944e-7 0.3826449513 -1.900622806e-7 0.9238951206 0.9238951802 1.432316452e-7 -0.3826448619 6590.dat
1 0 850.0001221 617.7694092 -1209.610596 1.000000238 8.940699558e-8 0 -8.260123252e-8 -0.3826841116 0.9238790274 3.421456896e-8 -0.9238794446 -0.3826835454 32013.dat
1 0 850.0003052 544.5161133 -1125.149048 -1 0 3.139164733e-7 -1.201429285e-7 0.9238632917 -0.3827225864 -2.900159188e-7 -0.3827225864 -0.9238632917 30553.dat
1 0 850.0003052 536.8619385 -1143.626465 -3.139164733e-7 0 -1 -0.3827221692 -0.9238628745 1.201428006e-7 -0.9238630533 0.3827222288 2.900158336e-7 32062.dat
1 0 850.0005493 525.3822021 -1171.343384 0 1.000000477 8.940702401e-8 0.9238952398 8.260266782e-8 -0.3826440871 -0.3826444745 -3.421109085e-8 -0.9238952994 32013.dat
1 0 850.0001221 548.3435669 -1025.910889 -3.139164733e-7 0 -1 0 -1 0 -1 0 3.139164733e-7 3707.dat
1 0 850.0001221 548.3435669 -1105.911011 1 0 -3.139164733e-7 0 1 0 3.139164733e-7 0 1 30552.dat
1 0 850.0001831 548.3430176 -943.7025146 0 1 0 -0.9999998808 0 0 0 0 1.000000358 59443.dat
1 0 850.0001831 548.3430176 -923.7026367 -3.139164733e-7 0 -1 0 -1.000000358 0 -0.9999998808 0 3.139164448e-7 32062.dat
1 0 850.0001221 548.3429565 -903.7026367 -1 0 3.139164733e-7 0 1.000000238 0 -3.139164733e-7 0 -1 30552.dat
1 0 850.0001221 544.5166016 -884.4631958 1 0 -3.139164733e-7 -1.201185427e-7 0.9238954782 -0.3826449215 2.900260085e-7 0.3826449215 0.9238954782 30553.dat
1 0 850 536.8649292 -865.9846191 3.139165017e-7 0 1.000000119 -0.3827224076 -0.9238641262 1.201428717e-7 0.9238628745 -0.3827228248 -2.900157767e-7 32062.dat
1 0 850 525.3856201 -838.2678833 0 -1.000000596 -8.940703111e-8 0.9238961339 8.260275308e-8 -0.3826442063 0.3826450706 3.421114769e-8 0.9238945246 32013.dat
1 0 849.9988403 617.7664795 -800.0006714 0.9999999404 8.940696716e-8 0 -8.260126094e-8 0.3826835454 0.9238795042 -3.421457961e-8 -0.9238794446 0.3826834559 32013.dat
1 0 849.9988403 534.6174316 -834.4425049 3.139164733e-7 0 1 0.923879683 -0.3826836944 -2.900210632e-7 0.382683754 0.923879385 -1.201307356e-7 3707.dat
1 71 849.9988403 562.3335571 -822.9613037 -5.960463767e-8 -0.9999998212 -2.304046092e-7 0.3826449811 -1.900622948e-7 0.9238951802 -0.9238960147 -1.432316452e-7 0.3826446831 6590.dat
1 71 849.9988403 543.8550415 -830.612854 -5.960463412e-8 -0.9999997616 -2.30404595e-7 0.3826450706 -1.900622948e-7 0.9238952398 -0.9238950014 -1.432315742e-7 0.3826445639 6590.dat
1 71 849.9988403 506.9006348 -845.9234009 -5.960463412e-8 -0.9999997616 -2.30404595e-7 0.3826450706 -1.900622948e-7 0.9238952398 -0.9238950014 -1.432315742e-7 0.3826445639 6590.dat
1 0 849.9990234 460.7079163 -865.0587158 1 0 0 0 0.3827216923 0.9238644838 0 -0.9238649011 0.3827216327 59443.dat
1 0 849.9988403 405.2752991 -888.0197754 0 1 0 0.9238793254 0 0.3826833367 0.3826830387 0 -0.9238802195 3706.dat
1 71 849.9988403 414.5115356 -884.1876831 -5.960463767e-8 -0.9999998212 -2.304046092e-7 0.3826450109 -1.900622806e-7 0.9238951802 -0.9238952994 -1.432316026e-7 0.3826446533 6590.dat
1 71 849.9989624 396.0361938 -891.8463745 -5.960463412e-8 -0.9999997616 -2.30404595e-7 0.3826450706 -1.900622948e-7 0.9238952398 -0.9238950014 -1.432315742e-7 0.3826445639 6590.dat
1 0 849.9988403 340.6038513 -914.8088379 -0.9999999404 -8.940696716e-8 0 8.25998967e-8 0.3827215731 -0.9238641262 3.421797246e-8 -0.9238638282 -0.3827216029 32013.dat
1 71 849.9987793 377.5587463 -899.4998169 -5.960463412e-8 -0.9999997616 -2.30404595e-7 0.3826450706 -1.900622948e-7 0.9238952398 -0.9238950014 -1.432315742e-7 0.3826445639 6590.dat
1 71 849.9987793 488.4229736 -853.5768433 -5.960463412e-8 -0.9999997616 -2.30404595e-7 0.3826450706 -1.900622948e-7 0.9238952398 -0.9238950014 -1.432315742e-7 0.3826445639 6590.dat
1 71 849.9987793 580.8111572 -815.3082886 -5.960463412e-8 -0.9999997616 -2.30404595e-7 0.3826450706 -1.900622948e-7 0.9238952398 -0.9238950014 -1.432315742e-7 0.3826445639 6590.dat
1 0 850.0004883 452.1279297 -922.7335815 1 0 -3.139164733e-7 -1.201435254e-7 0.9238625169 -0.3827244937 2.90015663e-7 0.3827244937 0.9238625169 30553.dat
1 0 850.0004883 444.4736938 -904.2561646 3.139164448e-7 0 0.9999998808 -0.3827241957 -0.9238623381 1.201434259e-7 0.9238626361 -0.3827243149 -2.900156915e-7 32062.dat
1 0 850.0003052 432.9973755 -876.5343628 0 -1.000000358 -8.94070098e-8 0.9238955975 8.260270334e-8 -0.3826444447 0.3826445639 3.421110151e-8 0.9238951802 32013.dat
1 0 850.0004883 455.953125 -1067.643311 1 0 -3.139164733e-7 0 1 0 3.139164733e-7 0 1 30552.dat
1 0 850.0004883 455.9552307 -1001.971924 0 1 0 -3.139164448e-7 0 -0.9999998808 -1 0 3.139164733e-7 3706.dat
1 0 850.0005493 455.9551697 -941.9718628 -1 0 3.139164733e-7 0 0.9999998808 0 -3.139164733e-7 0 -1 30552.dat
1 0 850.0001221 444.4736938 -1105.359985 0 1 0 0.3826447427 0 0.9238955379 0.9238955379 0 -0.3826447427 32062.dat
1 0 850.0001221 452.1267395 -1086.881714 -1 0 3.139164733e-7 -1.201185427e-7 0.9238964915 -0.3826449215 -2.900258949e-7 -0.3826448917 -0.9238951206 30553.dat
1 0 850.0003662 432.9941406 -1133.076904 0 1.000000477 8.940702401e-8 0.9238961339 8.260275308e-8 -0.3826441467 -0.3826442063 -3.421106953e-8 -0.923895359 32013.dat

