1 72 -100.001297 679.5827637 1253.048828 -1 0 -1.566607534e-5 0 0.9951763153 -0.09810248762 1.576792056e-5 -0.09810248762 -0.9951763153 3815.dat
1 25 -100.0012665 691.1535034 1252.007446 -0.9999998808 1.570667519e-5 0 0 0 0.9999998808 1.588549094e-5 0.9999998808 -1.003595116e-5 3816.dat
1 25 -100.0012512 691.1532593 1252.007813 -0.9999998808 1.589784006e-5 0 0 -1.009556036e-5 0.9999998808 1.607665035e-5 0.9999998808 0 3817.dat
1 25 -100.001297 647.7371216 1256.187988 -1 0 -1.566607534e-5 0 0.9951763153 -0.09810248762 1.576792056e-5 -0.09810248762 -0.9951763153 973.dat
1 72 -76.72541046 671.3227539 1266.669312 -0.9846744537 0.1583343893 -0.07311931252 0.1738708615 0.8585203886 -0.482401967 -0.0136063965 -0.487722218 -0.8728928566 3820.dat
1 72 -124.1575012 674.8051147 1253.579102 -0.9838889241 -0.06840000302 0.1651788056 -0.178519398 0.3259268999 -0.9283870459 0.009665460326 -0.942917347 -0.3328866065 3820.dat
1 25 -84.50117493 656.9423218 1255.280518 -0.9615833163 0.2442778647 0.125243485 0.2626924217 0.9512675405 0.1615018547 -0.07968874276 0.1881979704 -0.9788928032 3818.dat
1 25 -115.5013123 656.9423828 1255.280884 -0.9618604779 -0.2728485763 -0.01944589615 -0.2210452259 0.817178607 -0.5323141217 0.1611318886 -0.5077133179 -0.8463235497 3819.dat
1 14 -100.0012741 623.8529053 1258.542603 -1 0 0 0 0.9951760173 -0.0981054455 0 -0.09810543805 -0.9951760173 3626c.dat
1 70 -100.001236 623.8529053 1258.542603 -1 0 0 0 0.9951760173 -0.0981054455 0 -0.09810543805 -0.9951760173 6093a.dat
1 4 -200.0010071 676.1533203 1260.009155 1 0 1.572256951e-5 0 1 0 -1.572257133e-5 0 1 3003.dat
1 4 -200.0010071 700.1533203 1260.009033 1 0 1.572256951e-5 0 1 0 -1.572257133e-5 0 1 3003.dat
1 0 -80.00099945 724.152832 1260.006958 1 0 1.572256951e-5 0 1 0 -1.572257133e-5 0 1 3027.dat
1 4 79.99901581 700.1533203 1260.004761 1 0 1.572256951e-5 0 1 0 -1.572257133e-5 0 1 3003.dat
1 0 239.9990082 724.1528931 1260.002197 1 0 1.572256951e-5 0 1 0 -1.572257133e-5 0 1 3027.dat
1 4 279.9990234 700.1533813 1260.001587 1 0 1.572256951e-5 0 1 0 -1.572257133e-5 0 1 3003.dat
1 4 279.9990234 676.1534424 1260.001831 1 0 1.572256951e-5 0 1 0 -1.572257133e-5 0 1 3003.dat
1 4 239.9990082 652.1533813 1260.002563 1 0 1.572256951e-5 0 1 0 -1.572257133e-5 0 1 44237.dat
1 4 199.9989929 628.1534424 1260.003418 1 0 1.572256951e-5 0 1 0 -1.572257133e-5 0 1 3003.dat
1 4 239.9990082 604.1534424 1260.003052 1 0 1.572256951e-5 0 1 0 -1.572257133e-5 0 1 44237.dat
1 4 279.9990234 628.1534424 1260.002319 1 0 1.572256951e-5 0 1 0 -1.572257133e-5 0 1 3003.dat
1 4 199.9989929 676.1533813 1260.00293 1 0 1.572256951e-5 0 1 0 -1.572257133e-5 0 1 3003.dat
1 4 199.9989929 700.1533203 1260.002686 1 0 1.572256951e-5 0 1 0 -1.572257133e-5 0 1 3003.dat
1 4 79.99901581 676.1533813 1260.005005 1 0 1.572256951e-5 0 1 0 -1.572257133e-5 0 1 3003.dat
1 4 79.99901581 652.1533813 1260.005127 1 0 1.572256951e-5 0 1 0 -1.572257133e-5 0 1 3003.dat
1 4 79.9990387 628.1534424 1260.005493 1 0 1.572256951e-5 0 1 0 -1.572257133e-5 0 1 3003.dat
1 4 79.99907684 604.1533813 1260.005493 1 0 1.572256951e-5 0 1 0 -1.572257133e-5 0 1 44237.dat
1 4 -80.00098419 700.1533203 1260.006714 1 0 1.572256951e-5 0 1 0 -1.572257133e-5 0 1 44237.dat
1 4 -40.0009613 676.1533813 1260.006836 1 0 1.572256951e-5 0 1 0 -1.572257133e-5 0 1 3003.dat
1 4 -40.00094986 652.1533813 1260.006958 1 0 1.572256951e-5 0 1 0 -1.572257133e-5 0 1 3003.dat
1 4 -40.00094986 628.1534424 1260.007324 1 0 1.572256951e-5 0 1 0 -1.572257133e-5 0 1 3003.dat
1 4 -40.00093842 604.1534424 1260.007446 1 0 1.572256951e-5 0 1 0 -1.572257133e-5 0 1 3003.dat
1 4 -240.0010071 652.1533203 1260.010132 1 0 1.572256951e-5 0 1 0 -1.572257133e-5 0 1 44237.dat
1 4 -280.0010071 676.1533203 1260.010498 1 0 1.572256951e-5 0 1 0 -1.572257133e-5 0 1 3003.dat
1 4 -280.0010071 700.1533203 1260.010376 1 0 1.572256951e-5 0 1 0 -1.572257133e-5 0 1 3003.dat
1 0 -400.000946 724.152771 1260.012085 1 0 1.572256951e-5 0 1 0 -1.572257133e-5 0 1 3027.dat
1 4 -400.000946 700.1531982 1260.012207 1 0 1.572256951e-5 0 1 0 -1.572257133e-5 0 1 44237.dat
1 4 -440.0009155 676.1532593 1260.013184 1 0 1.572256951e-5 0 1 0 -1.572257133e-5 0 1 3003.dat
1 4 -400.000946 652.1532593 1260.012695 1 0 1.572256951e-5 0 1 0 -1.572257133e-5 0 1 44237.dat
1 4 -360.0009155 628.1532593 1260.012207 1 0 1.572256951e-5 0 1 0 -1.572257133e-5 0 1 3003.dat
1 4 -400.0009155 604.1533203 1260.013184 1 0 1.572256951e-5 0 1 0 -1.572257133e-5 0 1 44237.dat
1 4 -280.0010071 628.1533813 1260.010986 1 0 1.572256951e-5 0 1 0 -1.572257133e-5 0 1 3003.dat
1 4 -240.0010071 604.1533203 1260.01062 1 0 1.572256951e-5 0 1 0 -1.572257133e-5 0 1 44237.dat
1 4 -200.0009766 628.1533813 1260.009766 1 0 1.572256951e-5 0 1 0 -1.572257133e-5 0 1 3003.dat
