1 19 -919.9995117 -371.1114502 -1209.615479 0.9999999404 0 8.940696716e-8 0 -8.940696716e-8 0.9999999404 -8.940696716e-8 -0.9999999404 0 6562.dat
1 0 -899.9995117 -371.1114502 -1209.615479 0 0 -1 0 1 0 1 0 0 59443.dat
1 0 -819.9995117 -371.1114502 -1209.615601 1 0 -3.139164733e-7 0 1 0 3.139164733e-7 0 1 3707.dat
1 0 -739.9994507 -371.1114502 -1209.615601 0 0 -1 0 1 0 1 0 0 59443.dat
1 0 -659.9993896 -371.1114502 -1209.615601 1 0 -3.139164733e-7 0 1 0 3.139164733e-7 0 1 3707.dat
1 0 -579.9992676 -371.1114502 -1209.615601 0 0 -1 0 1 0 1 0 0 59443.dat
1 71 -549.9989624 -371.1099243 -1209.610962 1 0 -3.139164733e-7 0 0.9999999404 0 3.139164733e-7 0 1 4519.dat
1 0 -519.9988403 -371.1099243 -1209.611084 0 0 -1 0 1 0 1 0 0 59443.dat
1 0 -479.9988403 -371.1099243 -1209.611084 1 0 -3.139164733e-7 0 1 0 3.139164733e-7 0 1 3705.dat
1 0 -439.9987183 -371.1099243 -1209.611084 0 0 -1 0 1 0 1 0 0 59443.dat
1 19 -419.9986877 -371.1099243 -1209.611084 -0.9999999404 0 -8.940696716e-8 0 -8.940696006e-8 0.9999998808 8.940696716e-8 0.9999999404 0 6562.dat
1 15 -891.9994507 -150.0385284 -1063.920654 0 1 0 0.382684201 0 -0.9238792062 -0.9238792062 0 -0.382684201 47398.dat
1 15 -899.9990234 -223.2922516 -1148.383423 0 0.9999997616 0 0.3826844394 0 -0.9238791466 -0.923879087 0 -0.3826844096 3958.dat
1 15 -891.9994507 -111.7700806 -1156.308594 0 1 0 0.382684201 0 -0.9238792062 -0.9238792062 0 -0.382684201 47397.dat
1 15 -899.9994507 -112.4271164 -1102.460938 0 1 0 0.9238796234 0 0.3826845884 0.3826850355 0 -0.9238790274 3032.dat
1 15 -891.9990234 -130.9042358 -1110.114624 0 0.9999997616 0 0.9238791466 0 0.3826844394 0.3826844096 0 -0.923879087 2445.dat
1 15 -899.9990234 -20.03883743 -1064.194214 0 0.9999997616 0 0.9238791466 0 0.3826844394 0.3826844096 0 -0.923879087 3020.dat
1 15 -891.9996338 24.57004547 -1067.363647 0 0.9999997616 0 0.382684201 0 -0.9238792062 -0.9238792062 0 -0.382684201 41770.dat
1 15 -891.9992676 9.262731552 -1030.407959 0 0.9999997616 0 0.382684201 0 -0.9238792062 -0.9238792062 0 -0.382684201 41769.dat
1 15 -891.9990234 -297.2025757 -1178.99939 0 0.9999998808 0 0.3826847374 0 -0.9238787889 -0.9238800406 0 -0.382684499 3958.dat
1 15 -899.9992676 -315.6802063 -1186.653564 0 0.9999997616 0 0.3826844394 0 -0.9238789082 -0.923879087 0 -0.3826844692 3035.dat
1 15 -891.9992676 -281.2384644 -1269.802246 0 0.9999997616 0 0.3826840222 0 -0.9238792658 -0.9238792658 0 -0.3826840222 50305.dat
1 15 -891.9992676 -350.1217041 -1103.504028 0 0.9999997616 0 0.3826841712 0 -0.9238792062 -0.9238792062 0 -0.382684201 50304.dat
1 71 -929.9994507 -297.200592 -1179.002319 -5.960461991e-8 -0.9999995232 -2.304045381e-7 -0.3826450706 1.900623374e-7 -0.9238954186 0.9238952994 1.432316736e-7 -0.3826449811 6590.dat
1 0 -929.9993286 -287.9628296 -1175.172852 -3.139164164e-7 0 -0.9999998212 0.9238801003 0.3826839328 -2.900211769e-7 0.3826838732 -0.9238797426 -1.201307782e-7 3707.dat
1 0 -929.9993286 -214.053894 -1144.55542 -0.999999702 0 0 0 -0.382646203 0.9238957167 0 0.9238961935 0.3826461732 59443.dat
1 0 -929.9994507 -158.6206665 -1121.59436 0 -0.9999998212 0 0.9238789678 0 -0.382684052 0.3826839328 0 0.923879683 3706.dat
1 0 -929.9996338 -93.94916534 -1094.807251 -0.9999997616 -8.940695295e-8 0 -8.260126805e-8 -0.382683754 0.9238794446 -3.421458672e-8 0.9238805771 0.382683754 32013.dat
1 71 -930.0021362 -167.8587952 -1125.425049 0.9999997616 5.960463412e-8 2.30404595e-7 -1.900564399e-7 0.3826828301 0.9238795638 -1.432395607e-7 -0.9238809347 0.3826829493 6590.dat
1 71 -929.9994507 -149.3818817 -1117.768433 -5.960461991e-8 -0.9999995232 -2.304045381e-7 -0.3826450706 1.900623374e-7 -0.9238954186 0.9238952994 1.432316736e-7 -0.3826449811 6590.dat
1 71 -929.9992676 -315.6794128 -1186.654419 0.9999997616 5.960463412e-8 2.30404595e-7 -1.900564683e-7 0.3826828301 0.923879683 -1.432395749e-7 -0.9238809347 0.3826829791 6590.dat
1 71 -929.9994507 -260.2460327 -1163.693359 -5.960461991e-8 -0.9999995232 -2.304045381e-7 -0.3826450706 1.900623374e-7 -0.9238954186 0.9238952994 1.432316736e-7 -0.3826449811 6590.dat
1 71 -929.9993286 -241.7686768 -1156.038696 -5.960461991e-8 -0.9999995232 -2.304045381e-7 -0.3826450706 1.900623374e-7 -0.9238954186 0.9238952994 1.432316736e-7 -0.3826449811 6590.dat
1 0 -929.9994507 -371.1115723 -1209.615234 -0.9999997616 -8.940695295e-8 0 8.259985407e-8 0.3827214241 -0.9238636494 3.42179689e-8 -0.9238641262 -0.3827215433 32013.dat
1 0 -909.9993896 -334.1569519 -1194.30835 0 -3.258412846e-7 0.999999702 -0.9238792658 0.3826833069 1.246940542e-7 -0.3826831579 -0.9238792658 -3.010380851e-7 32039.dat
1 0 -910.000061 -130.9046173 -1110.113525 0 -3.258413415e-7 0.9999998808 -0.9238786697 0.382684201 1.246943384e-7 -0.382684499 -0.9238792062 -3.010380567e-7 32039.dat
1 0 -929.9993286 -297.8582153 -1125.153198 1 0 -3.139164733e-7 1.201185853e-7 -0.9238954186 0.3826450706 -2.900259801e-7 -0.3826450706 -0.9238954186 30553.dat
1 0 -929.9993286 -290.2053223 -1143.631226 -3.139164733e-7 0 -1 -0.3826441169 0.9238957167 1.201182869e-7 0.9238957167 0.3826442957 -2.900260938e-7 32062.dat
1 0 -929.9993286 -278.7240295 -1171.34729 0 1.000000119 0 -0.9238796234 0 -0.3826830685 -0.3826831877 0 0.9238801003 32034.dat
1 0 -929.9993286 -267.2434692 -1199.063721 -3.139164164e-7 0 -0.9999998212 -0.3826825321 0.9238793254 1.201303519e-7 0.9238795042 0.3826830387 -2.900210063e-7 32062.dat
1 0 -929.9993286 -259.5898438 -1217.54126 -0.9999999404 0 3.139164448e-7 -1.201302382e-7 -0.9238801003 -0.3826821744 2.900210347e-7 -0.3826832175 0.9238796234 30553.dat
1 0 -929.9992676 -209.2979889 -1067.642944 -1 0 3.139164733e-7 0 -1 0 3.139164733e-7 0 1 30552.dat
1 0 -929.9992676 -209.3001099 -1001.971619 0 -1 0 3.139164448e-7 0 0.9999998808 -1 0 3.139164733e-7 3706.dat
1 0 -929.9991455 -209.3001099 -941.9716797 1 0 -3.139164733e-7 0 -0.9999998808 0 -3.139164733e-7 0 -1 30552.dat
1 71 -929.9992676 -209.2984924 -983.9761963 0.9999998212 5.960463767e-8 2.304046092e-7 5.960461991e-8 0.9999995232 2.304045381e-7 -2.304046092e-7 -2.304046092e-7 0.9999998808 6590.dat
1 71 -929.9992676 -209.2984924 -1025.976074 0.9999998212 5.960463767e-8 2.304046092e-7 5.960461991e-8 0.9999995232 2.304045381e-7 -2.304046092e-7 -2.304046092e-7 0.9999998808 6590.dat
1 0 -929.9995117 -189.6855621 -1005.705811 0 0.9999997616 3.258412846e-7 0 -3.258410288e-7 0.9999989867 0.9999988675 0 0 32039.dat
1 0 -929.9991455 -179.6854095 -1005.705811 3.139164448e-7 0 0.9999999404 0.9999996424 0 -3.139163596e-7 0 0.9999995232 0 32062.dat
1 71 -929.9991455 -141.6854095 -1005.705933 0 -0.9999999404 0 3.139163596e-7 0 0.9999996424 -0.9999995232 0 3.139163312e-7 32014.dat
1 0 -899.9996948 -141.6841736 -1005.705811 0.9999999404 0 -3.139164448e-7 -3.139163596e-7 0 -0.9999996424 0 0.999999404 0 32062.dat
1 15 -899.9996948 -141.6854553 -1005.705933 0 0.9999999404 0 0 0 -0.9999996424 -0.9999995232 0 0 6143.dat
1 15 -875.9997559 -121.6854553 -1005.706055 0 0.9999999404 0 0.9999995828 0 0 0 0 -0.9999995232 3032.dat
1 15 -867.9998169 -141.6850433 -1055.705933 0 0.9999999404 0 -3.139163312e-7 0 -0.9999995828 -0.9999995232 0 3.139163312e-7 47397.dat
1 15 -875.9992676 -241.6852722 -1005.706116 0 0.9999999404 0 0 0 -0.9999995828 -0.9999995232 0 0 3958.dat
1 15 -899.9992676 -301.6854248 -1005.706238 0 0.9999999404 0 0 0 -0.9999996424 -0.9999995232 0 0 6143.dat
1 0 -899.9992676 -301.6854858 -1005.706116 -0.9999999404 0 3.139164448e-7 3.139163596e-7 0 0.9999996424 0 0.9999997616 0 32062.dat
1 0 -909.9992676 -301.6854858 -1005.705933 0 -3.258413415e-7 0.9999999404 0 -0.9999986887 -3.258409436e-7 0.9999985099 0 0 32039.dat
1 0 -929.9991455 -301.6852722 -983.7061157 -3.139164733e-7 0 -1 0 0.9999998808 0 1 0 -3.139164733e-7 3707.dat
1 0 -929.9989624 -301.6852722 -903.7060547 1 0 -3.139164733e-7 0 -0.9999998808 0 -3.139164733e-7 0 -1 30552.dat
1 0 -929.9992676 -301.6847229 -1065.914429 0 1 0 0.9999997616 0 0 0 0 -1.000000238 59443.dat
1 0 -929.9992676 -301.6846619 -1085.914307 0 1 0 3.13916388e-7 0 0.9999997616 1 0 -3.139164733e-7 32062.dat
1 0 -929.9992676 -301.6846619 -1105.914307 -1 0 3.139164733e-7 0 -1 0 3.139164733e-7 0 1 30552.dat
1 71 -929.9992676 -301.6854858 -985.7061157 0.9999998212 5.960463767e-8 2.304046092e-7 5.960461991e-8 0.9999995232 2.304045381e-7 -2.304046092e-7 -2.304046092e-7 0.9999998808 6590.dat
1 71 -929.9992676 -301.6854858 -1025.706177 0.9999998212 5.960463767e-8 2.304046092e-7 5.960461991e-8 0.9999995232 2.304045381e-7 -2.304046092e-7 -2.304046092e-7 0.9999998808 6590.dat
1 15 -875.9996338 -361.6853027 -1005.706055 0 0.9999999404 0 0 0 0.9999995828 0.9999995232 0 0 3036.dat
1 15 -867.9994507 -341.6853333 -1095.705933 0 0.9999999404 0 -3.139163312e-7 0 -0.9999995828 -0.9999995232 0 3.139163312e-7 50305.dat
1 15 -867.9992676 -341.6853333 -1005.706055 0 0.9999999404 0 -0.9999995828 0 0 0 0 0.9999995232 3036.dat
1 15 -867.9992676 -341.6853333 -915.7061768 0 0.9999999404 0 -3.139163312e-7 0 -0.9999995828 -0.9999995232 0 3.139163312e-7 50304.dat
1 15 -867.9992676 -141.6853333 -1005.706116 0 0.9999999404 0 0.9999995828 0 0 0 0 -0.9999995232 2445.dat
1 15 -875.9992676 -21.68535614 -1005.705933 0 0.9999999404 0 0.9999995828 0 0 0 0 -0.9999995232 3020.dat
1 15 -867.999939 18.3149128 -1025.706055 0 0.9999999404 0 -3.139163312e-7 0 -0.9999995828 -0.9999995232 0 3.139163312e-7 41770.dat
1 15 -867.9994507 18.31491852 -985.7059326 0 0.9999999404 0 -3.139163312e-7 0 -0.9999995828 -0.9999995232 0 3.139163312e-7 41769.dat
1 15 -867.9996338 -141.6850281 -955.7059326 0 0.9999999404 0 -3.139163312e-7 0 -0.9999995828 -0.9999995232 0 3.139163312e-7 47398.dat
1 0 -929.9992676 -205.4715424 -1086.881836 1 0 -3.139164733e-7 1.20118699e-7 -0.9238952994 0.3826453984 -2.900259517e-7 -0.3826453984 -0.9238952994 30553.dat
1 0 -929.9992676 -197.8187256 -1105.359741 0 -1 0 -0.3826452494 0 -0.9238950014 0.9238957763 0 -0.3826452494 32062.dat
1 0 -929.9992676 -186.3374023 -1133.07605 0 1.000000119 0 -0.9238793254 0 -0.3826832175 -0.3826831281 0 0.9238802791 32034.dat
1 0 -929.9990845 -174.847641 -1160.77771 0 1 0 0.3826425672 0 -0.9238960743 -0.9238967299 0 -0.3826426268 32062.dat
1 0 -929.9990845 -167.1946869 -1179.255371 -1 0 3.139164733e-7 -1.201176332e-7 -0.9238959551 -0.3826420307 2.900262643e-7 -0.382642746 0.9238962531 30553.dat
1 0 -929.9992676 -67.4443512 -1284.438232 -1 0 3.139164733e-7 -2.219533997e-7 -0.7071675062 -0.707046032 2.219915274e-7 -0.707046032 0.7071675062 30552.dat
1 0 -929.9992676 -109.8665466 -1242.008301 0 1 0 -0.7070457339 0 0.7071672678 0.707167685 0 0.7070457935 3706.dat
1 0 -929.9996338 -94.30995941 -1229.281372 0 0.999999702 3.258412846e-7 -0.7070464492 -2.304238791e-7 0.7071658373 0.7071655393 -2.303848419e-7 0.707046032 32039.dat
1 0 -929.9992676 -87.2384491 -1222.211182 3.139164448e-7 0 0.9999998808 0.7071664333 -0.7070459127 -2.219911863e-7 0.7070454359 0.7071666718 -2.219532149e-7 32062.dat
1 71 -929.9992676 -60.36614227 -1195.343628 0 -0.9999997616 0 0.7070460916 0 0.7071662545 -0.7071664929 0 0.7070456147 32014.dat
1 0 -899.9998169 -60.3649559 -1195.342407 0.9999998808 0 -3.139164448e-7 -2.219911863e-7 -0.7070458531 -0.7071664333 -2.219532149e-7 0.7071667314 -0.7070454359 32062.dat
1 15 -899.9998169 -60.36583328 -1195.343628 0 0.9999998212 0 0.7070458531 0 -0.7071664929 -0.7071667314 0 -0.7070453763 6143.dat
1 15 -875.9998169 -46.2226944 -1181.202759 0 0.9999998212 0 0.7071664929 0 0.7070458531 0.7070453763 0 -0.7071667314 3032.dat
1 15 -867.9997559 -25.01302338 -1230.70166 0 0.9999998212 0 0.7070456743 0 -0.7071675062 -0.707167387 0 -0.7070455551 47397.dat
1 15 -875.9993286 -131.082077 -1266.04834 0 0.9999997616 0 0.7070459127 0 -0.7071672678 -0.7071671486 0 -0.7070457935 3958.dat
1 15 -899.9993286 -173.5122223 -1308.471069 0 0.999999702 0 0.7070459127 0 -0.7071672082 -0.7071671486 0 -0.7070458531 6143.dat
1 0 -909.9993896 -173.5124359 -1308.470703 0 -3.25841313e-7 0.9999998212 -0.7070465684 -0.7071654797 -2.304237654e-7 0.707164824 -0.7070461512 -2.303848845e-7 32039.dat
1 0 -929.9994507 -192.1207733 -1290.416992 -3.139164733e-7 0 -1 -0.7071362734 0.7070769072 2.219817219e-7 0.7070771456 0.7071361542 -2.219631625e-7 3707.dat
1 0 -929.9994507 -248.6915131 -1233.851074 1 0 -3.139164733e-7 2.219817077e-7 -0.7070768476 0.7071362138 -2.219632051e-7 -0.7071362138 -0.7070772648 30552.dat
1 0 -929.9995117 -133.987915 -1348.544067 0 0.9999998808 0 0.7070768476 0 0.7071367502 0.7071362138 0 -0.7070776224 59443.dat
1 0 -929.9995117 -119.8452682 -1362.685547 0 0.9999998808 0 -0.707136035 0 0.707077086 0.707077384 0 0.7071359754 32062.dat
1 0 -929.9995117 -105.7024231 -1376.827393 -1 0 3.139164733e-7 -2.219817219e-7 -0.7070769668 -0.7071362734 2.219631625e-7 -0.7071364522 0.7070771456 30552.dat
1 71 -929.9994507 -159.37117 -1322.61438 0.999999702 5.960463056e-8 2.304045807e-7 2.050571482e-7 0.7071672678 -0.7070459127 -1.207914124e-7 0.7070454359 0.7071675062 6590.dat
1 71 -929.9994507 -187.6528625 -1294.327881 0.999999702 5.960463056e-8 2.304045807e-7 2.050571482e-7 0.7071672678 -0.7070459127 -1.207914124e-7 0.7070454359 0.7071675062 6590.dat
1 0 -899.9993286 -173.512146 -1308.471069 -0.9999998808 0 3.139164448e-7 2.219914563e-7 -0.707046032 0.7071672678 2.219533286e-7 0.707167387 0.7070457935 32062.dat
1 15 -875.9998169 -215.9421234 -1350.893555 0 0.999999702 0 -0.7070459127 0 0.7071672678 0.7071671486 0 0.7070457935 3036.dat
1 15 -867.9995728 -138.1645508 -1400.397827 0 0.999999702 0 0.7070456743 0 -0.7071675062 -0.707167387 0 -0.7070455551 50305.dat
1 15 -867.9993896 -201.7990112 -1336.752808 0 0.999999702 0 -0.7071672678 0 -0.7070459127 -0.7070457935 0 0.7071671486 3036.dat
1 15 -867.9994507 -265.4327698 -1273.107666 0 0.999999702 0 0.7070456743 0 -0.7071675062 -0.707167387 0 -0.7070455551 50304.dat
1 15 -867.9993896 -60.36545181 -1195.343628 0 0.999999702 0 0.7071672678 0 0.7070459127 0.7070457935 0 -0.7071671486 2445.dat
1 15 -875.9992676 24.49451065 -1110.497925 0 0.999999702 0 0.7071672678 0 0.7070459127 0.7070457935 0 -0.7071671486 3020.dat
1 15 -867.9998169 66.92225647 -1096.359131 0 0.999999702 0 0.7070456743 0 -0.7071675062 -0.707167387 0 -0.7070455551 41770.dat
1 15 -867.9993896 38.63888168 -1068.072388 0 0.999999702 0 0.7070456743 0 -0.7071675062 -0.707167387 0 -0.7070455551 41769.dat
1 15 -867.9996338 -95.71763611 -1159.984741 0 0.9999998212 0 0.7070456743 0 -0.7071675062 -0.707167387 0 -0.7070455551 47398.dat
1 0 -929.9992676 -156.2976685 -1195.566162 1 0 -3.139164733e-7 2.219533712e-7 -0.7071670294 0.7070459723 -2.219915132e-7 -0.707046032 -0.7071674466 30552.dat
1 71 -929.9994507 -93.84698486 -1257.483765 0.999999702 5.960463056e-8 2.304045807e-7 2.050571197e-7 0.7071673274 -0.7070457935 -1.207913698e-7 0.7070456147 0.7071672678 6590.dat
1 71 -929.9994507 -123.5430756 -1227.782593 0.999999702 5.960463056e-8 2.304045807e-7 2.050571197e-7 0.7071673274 -0.7070457935 -1.207913698e-7 0.7070456147 0.7071672678 6590.dat
1 0 -929.9994507 -51.13476563 -1295.33728 1 0 -3.139164733e-7 2.900160325e-7 -0.3827216923 0.923863709 -1.201426443e-7 -0.923863709 -0.3827216923 30553.dat
1 0 -929.9994507 -32.65765762 -1302.992188 3.139164733e-7 0 1 0.9238634706 0.3827216625 -2.900159757e-7 -0.3827219009 0.9238632917 1.201427153e-7 32062.dat
1 0 -929.9994507 -4.941657066 -1314.472534 0 1.000000238 0 -0.382722348 0 -0.923863709 -0.9238629937 0 0.3827227354 32034.dat
1 0 -929.9994507 22.77530289 -1325.956909 0 1 0 0.9238958955 0 -0.3826446831 -0.3826450706 0 -0.9238951802 32062.dat
1 0 -929.9994507 41.2533226 -1333.608765 -1.000000119 0 3.139165017e-7 -2.900259517e-7 -0.3826448321 -0.9238952994 1.201186137e-7 -0.9238955379 0.3826451302 30553.dat
1 15 -891.9993286 97.73487091 -1118.878296 0 1 0 0.9238625169 0 -0.3827245831 -0.3827245831 0 -0.9238625169 41770.dat
1 15 -899.9987793 63.94884109 -1148.178345 0 1 0 0.3827242255 0 0.9238624573 0.9238622189 0 -0.3827243745 3020.dat
1 15 -891.9989624 60.78046417 -1103.569214 0 1 0 0.9238625169 0 -0.3827244341 -0.3827245831 0 -0.9238621593 41769.dat
1 15 -891.9988403 18.02209663 -1259.041626 0 1 0 0.3827242255 0 0.9238624573 0.9238622189 0 -0.3827243745 2445.dat
1 15 -899.9992676 25.6765728 -1240.564209 0 1.000000238 0 0.3827236295 0 0.9238626957 0.9238616228 0 -0.3827238083 3032.dat
1 15 -891.9991455 64.21504211 -1278.177368 0 1.000000238 0 0.9238625169 0 -0.3827244341 -0.3827245831 0 -0.9238621593 47397.dat
1 15 -899.9988403 -20.25073242 -1351.428223 0 1 0 0.9238624573 0 -0.3827241957 -0.3827243447 0 -0.9238622785 3958.dat
1 15 -891.9991455 -28.17156219 -1239.905396 0 1.000000238 0 0.9238625169 0 -0.3827244341 -0.3827245831 0 -0.9238621593 47398.dat
1 15 -891.9989624 -58.52227783 -1443.814331 0 1 0 0.3827242255 0 0.9238624573 0.9238622189 0 -0.3827243745 3036.dat
1 15 -899.9990234 -66.17819214 -1462.291382 0 1 0 0.9238623977 0 -0.3827241063 -0.3827241957 0 -0.9238622785 3036.dat
1 15 -891.9989624 24.62438011 -1478.259644 0 1 0 0.9238624573 0 -0.3827245533 -0.3827247322 0 -0.9238620996 50305.dat
1 15 -891.9990234 -141.6708527 -1409.369141 0 1 0 0.9238625169 0 -0.3827244341 -0.3827245831 0 -0.9238621593 50304.dat
1 0 -929.9994507 -81.48403168 -1499.24707 0.9999999404 8.940696716e-8 0 3.421801864e-8 -0.9238632917 -0.3827221096 8.259981144e-8 0.3827221394 -0.9238631725 32013.dat
1 0 -929.9991455 -47.03892899 -1416.099121 3.139164733e-7 0 1 -0.3827222288 0.923864007 1.201428148e-7 -0.9238634706 -0.3827222288 2.900159757e-7 3707.dat
1 0 -929.9989624 -16.42311859 -1342.189209 1 0 0 0 -0.9238801003 -0.3826850951 0 0.382684648 -0.9238792658 59443.dat
1 0 -929.9992676 6.540318012 -1286.75769 0 1 0 -0.3827225268 0 -0.9238632917 -0.9238627553 0 0.3827223778 3706.dat
1 0 -929.9991455 33.32950974 -1222.086792 -0.9999999404 -8.940696716e-8 0 -3.421468264e-8 -0.9238795042 0.3826846182 -8.260126094e-8 0.3826843798 0.9238794446 32013.dat
1 71 -929.9992676 2.713620186 -1295.996704 5.960464478e-8 0.9999999404 2.304046376e-7 -0.9238955379 -1.432316026e-7 0.3826445639 0.3826449215 -1.900622522e-7 0.9238950014 6590.dat
1 71 -929.9992676 -58.51179886 -1443.818604 5.960464478e-8 0.9999999404 2.304046376e-7 -0.9238951206 -1.432315742e-7 0.3826445639 0.3826449513 -1.900622522e-7 0.9238950014 6590.dat
1 71 -929.9992676 10.36679173 -1277.518555 5.960464122e-8 0.9999998808 2.304046234e-7 0.9238954186 1.432315884e-7 -0.3826445639 -0.3826448917 1.900622522e-7 -0.9238950014 6590.dat
1 71 -929.9992676 -35.55773926 -1388.383179 5.960464122e-8 0.9999998808 2.304046234e-7 0.9238954186 1.432315884e-7 -0.3826445639 -0.3826448917 1.900622522e-7 -0.9238950014 6590.dat
1 71 -929.9992676 -50.86575317 -1425.337646 5.960464122e-8 0.9999998808 2.304046234e-7 0.9238954186 1.432315884e-7 -0.3826445639 -0.3826448917 1.900622522e-7 -0.9238950014 6590.dat
1 71 -929.9990845 -27.90223885 -1369.906372 5.960464478e-8 0.9999999404 2.304046376e-7 -0.9238952994 -1.432315884e-7 0.3826445639 0.3826448619 -1.900622379e-7 0.9238949418 6590.dat
1 0 -909.9993896 -66.17534637 -1462.292236 0 -3.258411994e-7 0.9999994636 0.3827199638 -0.9238622785 -3.010325429e-7 0.9238616824 0.3827201724 1.247060624e-7 32039.dat
1 0 -909.9993896 18.02123451 -1259.041626 0 -3.258413699e-7 1 0.3827237487 -0.9238618612 -3.010324008e-7 0.923861742 0.3827240765 1.247073413e-7 32039.dat
1 0 -929.9998169 -89.39248657 -1387.724854 1 0 -3.139164733e-7 2.900210063e-7 -0.3826835155 0.9238795042 -1.201306645e-7 -0.9238795042 -0.3826835155 30553.dat
1 0 -929.9998169 -70.91491699 -1395.378296 -3.139164733e-7 0 -1 -0.9238791466 0.3826841116 2.900208926e-7 0.3826843798 0.9238788486 -1.201309345e-7 32062.dat
1 0 -929.9996338 -43.21173477 -1406.860596 0 1.000000358 0 -0.3827242851 0 -0.9238630533 -0.9238622189 0 0.3827247918 32034.dat
1 0 -929.9996338 -15.49576187 -1418.342529 -3.139165017e-7 0 -1.000000119 -0.9238637686 0.3827221394 2.900160609e-7 0.3827226758 0.9238628149 -1.201429569e-7 32062.dat
1 0 -929.9996338 2.981686592 -1425.997192 -1.000000238 0 3.139165585e-7 -2.900160325e-7 -0.3827225268 -0.9238636494 1.201430706e-7 -0.9238638282 0.3827230334 30553.dat
1 0 -929.9992676 186.1635284 -1337.438232 -1 0 3.139164733e-7 -3.139164733e-7 0 -1 0 -1 0 30552.dat
1 0 -929.9992676 126.1635056 -1337.438232 0 1 0 -1 0 3.139164733e-7 3.139164733e-7 0 1 3706.dat
1 0 -929.9992676 60.49215698 -1337.436157 1 0 -3.139164733e-7 3.139164733e-7 0 1 0 -1.000000119 0 30552.dat
1 71 -929.9994507 144.4902496 -1337.437012 1 5.960465188e-8 2.30404666e-7 2.30404595e-7 2.30404595e-7 -0.9999998212 5.960462346e-8 0.9999995828 2.304045523e-7 6590.dat
1 71 -929.9994507 102.4902954 -1337.437012 1 5.960465188e-8 2.30404666e-7 2.30404595e-7 2.30404595e-7 -0.9999998212 5.960462346e-8 0.9999995828 2.304045523e-7 6590.dat
1 0 -929.9996338 124.2195129 -1317.82373 0 0.999999702 3.258412846e-7 -0.9999993443 0 0 0 -3.258411141e-7 0.9999992251 32039.dat
1 0 -929.9992676 124.2198715 -1307.823853 3.139165585e-7 0 1.000000238 0 -0.9999998212 0 0.9999996424 0 -3.139163596e-7 32062.dat
1 71 -929.9992676 124.2199097 -1269.823853 0 -1.000000119 0 0.9999998212 0 -3.139164164e-7 3.139163596e-7 0 0.9999996424 32014.dat
1 15 -899.9998169 124.2199554 -1269.823975 0 1.000000119 0 0.9999998212 0 0 0 0 -0.9999996424 6143.dat
1 15 -875.9998169 124.2199554 -1249.823975 0 1.000000119 0 0 0 0.9999998212 0.9999996424 0 0 3032.dat
1 15 -867.9996338 74.21996307 -1269.823608 0 1.000000119 0 0.9999998212 0 -3.139164164e-7 -3.139163596e-7 0 -0.9999996424 47398.dat
1 15 -875.9993286 124.2200623 -1369.82373 0 1.000000119 0 0.9999998212 0 0 0 0 -0.9999996424 3958.dat
1 15 -899.9993286 124.2200241 -1429.823975 0 1 0 0.9999998212 0 0 0 0 -0.9999996424 6143.dat
1 15 -875.9998169 124.2198486 -1489.82373 0 1 0 -0.9999998212 0 0 0 0 0.9999996424 3036.dat
1 15 -867.9993896 124.2200012 -1469.823853 0 1 0 0 0 -0.9999998212 -0.9999996424 0 0 3036.dat
1 15 -867.9994507 34.21998978 -1469.823853 0 1 0 0.9999998212 0 -3.139164164e-7 -3.139163596e-7 0 -0.9999996424 50304.dat
1 15 -867.9995728 214.2199249 -1469.823853 0 1 0 0.9999998212 0 -3.139164164e-7 -3.139163596e-7 0 -0.9999996424 50305.dat
1 0 -899.9993286 124.2200165 -1429.823975 -1.000000238 0 3.139165585e-7 0 -0.9999998212 0 3.139163596e-7 0 0.9999996424 32062.dat
1 0 -909.9993896 124.219635 -1429.82373 0 -3.258413415e-7 0.9999998808 -0.9999989867 0 0 0 -0.9999989271 -3.258410288e-7 32039.dat
1 0 -929.9994507 102.2200851 -1429.823975 -3.139164733e-7 0 -1 -1 0 3.139164733e-7 0 1.000000119 0 3707.dat
1 0 -929.9994507 22.22002411 -1429.823975 1 0 -3.139164733e-7 3.139164733e-7 0 1 0 -1.000000119 0 30552.dat
1 0 -929.9994507 184.4284058 -1429.823486 0 0.9999999404 0 0 0 1.000000477 1.000000119 0 0 59443.dat
1 0 -929.9994507 204.4284058 -1429.823364 0 0.9999999404 0 -1.000000119 0 3.139165017e-7 3.139165017e-7 0 1.000000119 32062.dat
1 0 -929.9996338 224.4284363 -1429.823242 -1 0 3.139164733e-7 -3.139165017e-7 0 -1.000000119 0 -1.000000358 0 30552.dat
1 71 -929.9994507 144.2200012 -1429.823975 1 5.960465188e-8 2.30404666e-7 2.30404595e-7 2.30404595e-7 -0.9999998212 5.960462346e-8 0.9999995828 2.304045523e-7 6590.dat
1 71 -929.9994507 104.2200928 -1429.823975 1 5.960465188e-8 2.30404666e-7 2.30404595e-7 2.30404595e-7 -0.9999998212 5.960462346e-8 0.9999995828 2.304045523e-7 6590.dat
1 15 -867.9993896 124.2200165 -1269.823853 0 1 0 0 0 0.9999998212 0.9999996424 0 0 2445.dat
1 15 -875.9992676 124.2200165 -1149.823853 0 1 0 0 0 0.9999998212 0.9999996424 0 0 3020.dat
1 15 -867.9994507 104.2201538 -1109.823486 0 1 0 0.9999998212 0 -3.139164164e-7 -3.139163596e-7 0 -0.9999996424 41769.dat
1 15 -867.999939 144.2201538 -1109.823486 0 1 0 0.9999998212 0 -3.139164164e-7 -3.139163596e-7 0 -0.9999996424 41770.dat
1 15 -867.9998169 174.219986 -1269.823608 0 1.000000119 0 0.9999998212 0 -3.139164164e-7 -3.139163596e-7 0 -0.9999996424 47397.dat
1 0 -899.9998169 124.2199402 -1269.82251 1.000000238 0 -3.139165585e-7 0 -0.9999998212 0 -3.139163596e-7 0 -0.9999996424 32062.dat
1 0 -929.9996338 243.6671448 -1425.996948 1 0 -3.139164733e-7 2.900259801e-7 0.3826452494 0.923895359 1.201186421e-7 -0.923895359 0.3826452494 30553.dat
1 0 -929.9996338 262.1451111 -1418.345215 -3.139164733e-7 0 -1 -0.9238955975 -0.3826444745 2.90026037e-7 -0.3826443255 0.9238955975 1.201183579e-7 32062.dat
1 0 -929.9992676 289.8616943 -1406.864502 0 1.000000119 0 0.3826476336 0 -0.9238947034 -0.9238942862 0 -0.3826477826 32034.dat
1 0 -929.9994507 317.5786438 -1395.386963 -3.139164448e-7 0 -0.9999998808 -0.9238940477 -0.3826476336 2.900255538e-7 -0.3826474249 0.9238940477 1.201193243e-7 32062.dat
1 0 -929.9994507 336.0565796 -1387.732178 -1 0 3.139164733e-7 -2.900256106e-7 0.3826477826 -0.9238942266 -1.201192106e-7 -0.9238949418 -0.3826470375 30553.dat
1 15 -891.9996948 185.8930206 -1103.565063 0 1 0 0.9238950014 0 0.3826461136 0.3826461136 0 -0.9238950014 41770.dat
1 15 -899.9991455 182.7209778 -1148.173706 0 1 0 -0.3826463223 0 0.923895061 0.9238949418 0 0.3826463223 3020.dat
1 15 -891.9992676 228.6384277 -1259.041016 0 1 0 -0.3826463223 0 0.923895061 0.9238949418 0 0.3826463223 2445.dat
1 15 -899.9992676 266.9031982 -1351.430664 0 1 0 0.9238948822 0 0.3826463521 0.3826463521 0 -0.9238948822 3958.dat
1 15 -891.9992676 305.1677856 -1443.820313 0 1 0 -0.3826463223 0 0.923895061 0.9238949418 0 0.3826463223 3036.dat
1 15 -899.9994507 312.8198853 -1462.297974 0 1 0 0.923894465 0 0.3826464415 0.3826463819 0 -0.9238948822 3036.dat
1 15 -891.9993286 388.3183594 -1409.382202 0 1 0 0.923895061 0 0.3826460242 0.3826459646 0 -0.923895061 50305.dat
1 15 -891.9994507 222.0171661 -1478.258789 0 1 0 0.9238950014 0 0.3826461136 0.3826461136 0 -0.9238950014 50304.dat
1 15 -891.9995117 182.4436035 -1278.173584 0 1.000000238 0 0.9238950014 0 0.3826461136 0.3826461136 0 -0.9238950014 47398.dat
1 15 -899.9996338 220.9854889 -1240.563354 0 1.000000238 0 -0.3826463521 0 0.923894465 0.923894465 0 0.3826464415 3032.dat
1 15 -891.9995117 274.8330383 -1239.908691 0 1.000000238 0 0.9238950014 0 0.3826461136 0.3826461136 0 -0.9238950014 47397.dat
1 15 -891.9993286 148.9371948 -1118.870972 0 1 0 0.9238950014 0 0.3826461136 0.3826461136 0 -0.9238950014 41769.dat
1 0 -929.9994507 213.3295593 -1222.08667 -0.9999999404 -8.940696716e-8 0 3.421462935e-8 -0.9238791466 -0.3826842308 -8.260123963e-8 -0.3826842308 0.923879087 32013.dat
1 0 -929.9994507 240.1163025 -1286.758789 0 1 0 0.3826459944 0 -0.9238942862 -0.923894465 0 -0.3826458156 3706.dat
1 0 -929.9994507 263.0745544 -1342.192505 1 0 0 0 -0.9238796234 0.3826844692 0 -0.3826843798 -0.923879385 59443.dat
1 0 -929.9995117 293.6883545 -1416.103271 3.139164733e-7 0 1 0.3826466799 0.9238952994 -1.201190969e-7 -0.923894763 0.3826463521 2.900257812e-7 3707.dat
1 71 -929.9994507 305.1676636 -1443.819946 -5.960464478e-8 -0.9999999404 -2.304046376e-7 -0.9238951206 -1.432317305e-7 0.3826452494 -0.382645309 1.900622379e-7 -0.923895061 6590.dat
1 71 -929.9994507 282.2141418 -1388.384033 -5.960464122e-8 -0.9999998808 -2.304046234e-7 -0.9238948226 -1.432316878e-7 0.38264516 -0.3826453388 1.900622806e-7 -0.9238952398 6590.dat
1 71 -929.9994507 297.5231323 -1425.338501 -5.960464122e-8 -0.9999998808 -2.304046234e-7 -0.9238948226 -1.432316878e-7 0.38264516 -0.3826453388 1.900622806e-7 -0.9238952398 6590.dat
1 71 -929.9994507 243.9419708 -1295.998047 -5.960464478e-8 -0.9999999404 -2.304046376e-7 -0.9238948226 -1.432316878e-7 0.38264516 -0.3826453388 1.900622806e-7 -0.9238952398 6590.dat
1 71 -929.9994507 236.2897186 -1277.519653 -5.960464122e-8 -0.9999998808 -2.304046234e-7 -0.9238948226 -1.432316878e-7 0.38264516 -0.3826453388 1.900622806e-7 -0.9238952398 6590.dat
1 0 -929.9994507 328.12677 -1499.253784 0.9999999404 8.940696716e-8 0 -3.421125072e-8 -0.923894465 0.3826462328 8.260259676e-8 -0.3826462924 -0.9238944054 32013.dat
1 71 -929.9995117 274.5558167 -1369.908325 -5.960464122e-8 -0.9999998808 -2.304046234e-7 -0.923894763 -1.432316878e-7 0.3826451898 -0.382645309 1.900622664e-7 -0.9238951802 6590.dat
1 0 -909.9993896 312.8199463 -1462.298218 0 -3.258413415e-7 0.9999999404 -0.3826461732 -0.9238943458 -3.010430021e-7 0.9238945842 -0.3826460242 -1.246819039e-7 32039.dat
1 0 -910.0001221 228.6378784 -1259.04126 0 -3.258413983e-7 1.000000119 -0.382646203 -0.9238945842 -3.010430873e-7 0.9238941073 -0.3826460838 -1.246819181e-7 32039.dat
1 0 -929.9994507 205.4020233 -1333.610962 1 0 -3.139164733e-7 2.900156346e-7 0.3827248216 0.9238623977 1.201436248e-7 -0.9238623977 0.3827248216 30553.dat
1 0 -929.9994507 223.8793182 -1325.956787 3.139164733e-7 0 1 0.9238622785 -0.382724613 -2.900155778e-7 0.3827245533 0.9238619804 -1.201435396e-7 32062.dat
1 0 -929.9994507 251.5954437 -1314.475952 0 1.000000238 0 0.3826476336 0 -0.923894465 -0.9238942862 0 -0.3826477528 32034.dat
1 0 -929.9994507 279.3121338 -1302.996216 0 1 0 0.9238940477 0 0.3826476336 0.382647723 0 -0.9238941073 32062.dat
1 0 -929.9994507 297.7901306 -1295.34314 -1.000000119 0 3.139165017e-7 -2.900255538e-7 0.3826477826 -0.9238940477 -1.201193101e-7 -0.9238947034 -0.3826473653 30553.dat
1 0 -929.9992676 495.3485107 -1233.850464 -1 0 3.139164733e-7 -2.219715896e-7 0.7071095705 -0.7071039677 -2.219733375e-7 -0.7071039677 -0.7071095705 30552.dat
1 0 -929.9992676 481.2062378 -1247.992554 0 1 0 -0.7071041465 0 -0.7071094513 -0.7071092725 0 0.7071039677 32062.dat
1 0 -929.9991455 467.0644836 -1262.134888 0 1 0 -0.7071096897 0 0.7071043253 0.7071037292 0 0.7071099281 59443.dat
1 0 -929.9990845 408.9354553 -1320.265625 -3.139164733e-7 0 -1 -0.7071039081 -0.7071096301 2.219715611e-7 -0.7071095109 0.7071037889 2.219733233e-7 3707.dat
1 0 -929.9992676 352.3665161 -1376.834351 1 0 -3.139164733e-7 2.219715896e-7 0.7071095109 0.7071039677 2.219733091e-7 -0.7071039081 0.7071094513 30552.dat
1 71 -929.9989624 434.3910217 -1294.809692 0.999999702 5.960463056e-8 2.304045807e-7 1.207730236e-7 -0.7071093321 -0.7071041465 2.050679626e-7 0.7071038485 -0.7071092725 6590.dat
1 71 -929.9989624 406.1067505 -1323.094238 0.999999702 5.960463056e-8 2.304045807e-7 1.207730236e-7 -0.7071093321 -0.7071041465 2.050679626e-7 0.7071038485 -0.7071092725 6590.dat
1 0 -909.9992676 420.2485657 -1308.951538 0 -3.258412846e-7 0.999999702 -0.7070745826 0.7071376443 2.304146989e-7 -0.7071370482 -0.7070739865 -2.30393951e-7 32039.dat
1 0 -899.9988403 420.2488403 -1308.951904 -0.9999998212 0 3.139164164e-7 -2.219733233e-7 -0.7071040273 -0.7071095109 2.219715327e-7 -0.7071093917 0.7071037889 32062.dat
1 15 -899.9988403 420.2489319 -1308.951782 0 0.9999998212 0 0.7071037889 0 0.7071095705 0.7071092725 0 -0.7071037292 6143.dat
1 15 -875.9992676 462.675293 -1351.378052 0 0.9999998212 0 -0.7071037889 0 -0.7071096301 -0.7071092725 0 0.7071036696 3036.dat
1 15 -867.9990845 512.1723633 -1273.596069 0 0.9999998212 0 0.7071040273 0 0.7071093917 0.7071090341 0 -0.7071039081 50305.dat
1 15 -867.9989014 448.5331421 -1337.235962 0 0.9999998212 0 0.7071096301 0 -0.7071037889 -0.7071036696 0 -0.7071092725 3036.dat
1 15 -875.9989014 377.8225403 -1266.525513 0 0.9999998212 0 0.7071037889 0 0.7071096301 0.7071092725 0 -0.7071036696 3958.dat
1 15 -867.9992676 342.466217 -1160.459351 0 0.9999998212 0 0.7071040273 0 0.7071093917 0.7071090341 0 -0.7071039081 47397.dat
1 15 -875.9993286 292.9689331 -1181.67334 0 0.9999998212 0 -0.7071096301 0 0.7071037292 0.7071036696 0 0.7071090937 3032.dat
1 15 -899.9993286 307.1114502 -1195.815186 0 0.9999998212 0 0.7071037292 0 0.7071096301 0.7071090937 0 -0.7071036696 6143.dat
1 71 -929.9986572 307.1113281 -1195.815308 0 -0.9999998212 0 0.7071034908 0 -0.7071098685 0.7071093321 0 0.7071034312 32014.dat
1 0 -929.9986572 333.9815979 -1222.685059 3.139164164e-7 0 0.9999998212 -0.7071096897 -0.7071036696 2.219733801e-7 0.70710361 -0.7071091533 -2.219714759e-7 32062.dat
1 0 -929.9995117 341.0488281 -1229.759155 0 0.9999996424 3.258412562e-7 -0.7070751786 2.30414642e-7 -0.7071374655 -0.7071368098 -2.303941358e-7 0.707074523 32039.dat
1 0 -929.9991455 360.5427551 -1238.014771 0 1 0 -0.7071635127 0 -0.7070501447 -0.7070499063 0 0.7071629167 3706.dat
1 0 -929.9991455 314.100647 -1284.446167 1 0 -3.139164733e-7 2.219902058e-7 0.7070502639 0.7071632743 2.219546928e-7 -0.7071631551 0.7070501447 30552.dat
1 0 -929.9991455 402.9723206 -1195.591797 -1 0 3.139164733e-7 -2.219902058e-7 0.7070503831 -0.7071632743 -2.219546928e-7 -0.7071626782 -0.7070501447 30552.dat
1 71 -929.9989624 369.2542419 -1229.291626 0.999999702 5.960463056e-8 2.304045807e-7 1.207729667e-7 -0.7071092725 -0.7071039081 2.0506792e-7 0.7071036696 -0.7071091533 6590.dat
1 71 -929.9989624 339.5560913 -1258.990234 0.999999702 5.960463056e-8 2.304045807e-7 1.207729667e-7 -0.7071092725 -0.7071039081 2.0506792e-7 0.7071036696 -0.7071091533 6590.dat
1 0 -899.9993286 307.1101685 -1195.814331 0.9999998212 0 -3.139164164e-7 2.219733801e-7 -0.70710361 0.7071096897 -2.219714759e-7 -0.7071092129 -0.70710361 32062.dat
1 15 -867.9989014 307.1115723 -1195.815186 0 0.9999998212 0 -0.7071096301 0 0.7071037889 0.7071036696 0 0.7071092725 2445.dat
1 15 -875.9989014 222.2579193 -1110.962769 0 0.9999998212 0 -0.7071096301 0 0.7071037889 0.7071036696 0 0.7071092725 3020.dat
1 15 -867.9993896 208.1154785 -1068.536011 0 0.9999998212 0 0.7071040273 0 0.7071093917 0.7071090341 0 -0.7071039081 41770.dat
1 15 -867.9989014 179.8312836 -1096.820313 0 0.9999998212 0 0.7071040273 0 0.7071093917 0.7071090341 0 -0.7071039081 41769.dat
1 15 -867.9992676 271.7559509 -1231.17041 0 0.9999998212 0 0.7071040273 0 0.7071093917 0.7071090341 0 -0.7071039081 47398.dat
1 15 -867.9989624 384.8938599 -1400.875732 0 0.9999998212 0 0.7071040273 0 0.7071093917 0.7071090341 0 -0.7071039081 50304.dat
1 0 -929.9993286 506.246521 -1217.540894 1 0 -3.139164733e-7 1.201417064e-7 0.9238649011 0.3827187121 2.90016402e-7 -0.3827187121 0.9238649011 30553.dat
1 0 -929.9993286 513.9008789 -1199.063721 -3.139164733e-7 0 -1 -0.3827194273 -0.9238643646 1.201419337e-7 -0.9238644242 0.3827193081 2.900162599e-7 32062.dat
1 0 -929.9993286 525.385498 -1171.341309 0 1.000000119 0 -0.9238789678 0 0.3826865852 0.3826862574 0 0.9238787293 32034.dat
1 0 -929.9989624 536.8625488 -1143.624756 -3.139164733e-7 0 -1 -0.3827221692 -0.9238637686 1.201428006e-7 -0.9238635898 0.3827217817 2.900160041e-7 32062.dat
1 0 -929.9989624 544.5169678 -1125.147461 -1 0 3.139164733e-7 -1.201429001e-7 0.9238645434 -0.382722497 -2.900159757e-7 -0.3827221394 -0.9238634706 30553.dat
1 0 -929.9990845 548.3444214 -1105.908936 1 0 -3.139164733e-7 0 1 0 3.139164733e-7 0 1 30552.dat
1 0 -929.9990845 548.3444214 -1025.908936 -3.139164733e-7 0 -1 0 -1 0 -1 0 3.139164733e-7 3707.dat
1 71 -929.9990845 548.3446045 -1025.908936 0.9999998212 5.960463767e-8 2.304046092e-7 -5.960464478e-8 -0.9999999404 -2.304046376e-7 2.304046092e-7 2.304046092e-7 -0.9999998808 6590.dat
1 71 -929.9990845 548.3445435 -985.9090576 0.9999998212 5.960463767e-8 2.304046092e-7 -5.960464478e-8 -0.9999999404 -2.304046376e-7 2.304046092e-7 2.304046092e-7 -0.9999998808 6590.dat
1 0 -929.9989624 548.3438721 -943.7006226 0 1 0 -0.9999998808 0 0 0 0 1.000000358 59443.dat
1 0 -929.9990845 548.343811 -923.7006226 0 1 0 -3.139164448e-7 0 -0.9999998808 -1 0 3.139164733e-7 32062.dat
1 0 -929.9990845 548.343811 -903.7007446 -1 0 3.139164733e-7 0 1.000000238 0 -3.139164733e-7 0 -1 30552.dat
1 0 -909.9992676 548.3438721 -1005.909058 0 -3.258413415e-7 0.9999999404 0 0.9999991655 3.258410857e-7 -0.9999986291 0 0 32039.dat
1 15 -899.9990234 548.3445435 -1005.908936 0 0.9999999404 0 0 0 1.000000119 0.9999995232 0 0 6143.dat
1 15 -875.9990845 488.3443909 -1005.909058 0 0.9999999404 0 0 0 1 0.9999995232 0 0 3958.dat
1 15 -867.9994507 388.3440857 -955.9092407 0 0.9999999404 0 3.139164733e-7 0 1 0.9999995232 0 -3.139163312e-7 47397.dat
1 15 -875.9996338 368.3444519 -1005.90918 0 0.9999999404 0 -1 0 0 0 0 0.9999995232 3032.dat
1 15 -867.9990845 388.3443909 -1005.909058 0 0.9999999404 0 -1 0 0 0 0 0.9999995232 2445.dat
1 15 -875.9990845 268.3443604 -1005.90918 0 0.9999999404 0 -1 0 0 0 0 0.9999995232 3020.dat
1 15 -867.9997559 228.3440094 -985.9091797 0 0.9999999404 0 3.139164733e-7 0 1 0.9999995232 0 -3.139163312e-7 41770.dat
1 15 -867.9992676 228.3440094 -1025.90918 0 0.9999999404 0 3.139164733e-7 0 1 0.9999995232 0 -3.139163312e-7 41769.dat
1 15 -867.9994507 388.3440857 -1055.90918 0 0.9999999404 0 3.139164733e-7 0 1 0.9999995232 0 -3.139163312e-7 47398.dat
1 15 -899.9996338 388.3444519 -1005.90918 0 0.9999999404 0 0 0 1.000000119 0.9999995232 0 0 6143.dat
1 0 -899.9995117 388.3429871 -1005.90918 0.9999999404 0 -3.139164448e-7 3.139165017e-7 0 1.000000119 0 -0.999999404 0 32062.dat
1 71 -929.9989624 388.3444519 -1005.909241 0 -0.9999999404 0 -3.139165017e-7 0 -1.000000119 0.9999995232 0 -3.139163312e-7 32014.dat
1 0 -929.9989624 426.3444519 -1005.909241 3.139164448e-7 0 0.9999999404 -1.000000119 0 3.139165017e-7 0 -0.9999995232 0 32062.dat
1 0 -929.9995117 436.3439026 -1005.909058 0 0.9999997616 3.258412846e-7 0 3.258411994e-7 -0.9999994636 -0.9999989867 0 0 32039.dat
1 0 -929.9990845 455.9598999 -1001.971069 0 1 0 -3.139165585e-7 0 -1.000000238 -1 0 3.139164733e-7 3706.dat
1 0 -929.9989624 455.9598999 -941.9710083 -1 0 3.139164733e-7 0 1.000000238 0 -3.139164733e-7 0 -1 30552.dat
1 0 -929.9990845 455.9577942 -1067.642334 1 0 -3.139164733e-7 0 1.000000358 0 3.139164733e-7 0 1 30552.dat
1 71 -929.9990845 455.95755 -985.6387939 0.9999998212 5.960463767e-8 2.304046092e-7 -5.960464478e-8 -0.9999999404 -2.304046376e-7 2.304046092e-7 2.304046092e-7 -0.9999998808 6590.dat
1 71 -929.9990845 455.95755 -1027.638794 0.9999998212 5.960463767e-8 2.304046092e-7 -5.960464478e-8 -0.9999999404 -2.304046376e-7 2.304046092e-7 2.304046092e-7 -0.9999998808 6590.dat
1 15 -867.9989624 588.3444214 -1005.909058 0 0.9999999404 0 1 0 0 0 0 -0.9999995232 3036.dat
1 15 -875.9992676 608.3444214 -1005.90918 0 0.9999999404 0 0 0 -1 -0.9999995232 0 0 3036.dat
1 15 -867.9991455 588.3444824 -915.9091797 0 0.9999999404 0 3.139164733e-7 0 1 0.9999995232 0 -3.139163312e-7 50305.dat
1 15 -867.9992676 588.3444824 -1095.909058 0 0.9999999404 0 3.139164733e-7 0 1 0.9999995232 0 -3.139163312e-7 50304.dat
1 0 -899.9990234 548.3445435 -1005.908936 -0.9999999404 0 3.139164448e-7 -3.139165017e-7 0 -1.000000119 0 -0.9999997616 0 32062.dat
1 0 -929.9993286 413.8709106 -1179.282715 1 0 -3.139164733e-7 1.201410385e-7 0.9238657951 0.3827165961 2.900166862e-7 -0.3827165961 0.9238657951 30553.dat
1 0 -929.9995117 421.5254211 -1160.80542 3.139164733e-7 0 1 0.3827168345 -0.9238653779 -1.201411237e-7 0.9238656163 0.3827165663 -2.900166294e-7 32062.dat
1 0 -929.9995117 432.9973145 -1133.075073 0 1 0 -0.9238784313 0 0.382686466 0.3826864064 0 0.9238784313 32034.dat
1 0 -929.9995117 444.4786072 -1105.359253 0 1 0 0.3826445639 0 0.9238952398 0.9238955379 0 -0.3826445341 32062.dat
1 0 -929.9995117 452.1315002 -1086.881104 -1 0 3.139164733e-7 -1.201185e-7 0.9238958359 -0.3826448023 -2.900258949e-7 -0.3826446831 -0.9238951206 30553.dat
1 15 -891.9993286 237.3973846 -1030.407104 0 1 0 0.3826850355 0 0.9238788486 0.9238788486 0 -0.3826850355 41770.dat
1 15 -899.9987793 266.698822 -1064.192017 0 1.000000119 0 -0.9238785505 0 0.3826848269 0.3826846778 0 0.9238789082 3020.dat
1 15 -891.9987793 377.564209 -1110.11377 0 1.000000119 0 -0.9238785505 0 0.3826848269 0.3826846778 0 0.9238789082 2445.dat
1 15 -899.9991455 359.0866699 -1102.460693 0 1.000000358 0 -0.9238786697 0 0.382684648 0.382684499 0 0.9238796234 3032.dat
1 15 -891.9991455 358.4299011 -1156.308228 0 1.000000358 0 0.3826850355 0 0.9238784909 0.9238788486 0 -0.3826849163 47398.dat
1 15 -899.9988403 469.95224 -1148.382324 0 1.000000119 0 0.382684797 0 0.9238785505 0.9238795638 0 -0.3826846778 3958.dat
1 15 -891.9991455 396.6984253 -1063.92041 0 1.000000358 0 0.3826850355 0 0.9238784909 0.9238788486 0 -0.3826849163 47397.dat
1 15 -891.9988403 543.8624878 -1178.997314 0 1.000000119 0 0.382684797 0 0.9238785505 0.9238795638 0 -0.3826846778 3958.dat
1 15 -899.9990234 562.3400879 -1186.651001 0 1 0 0.3826847076 0 0.9238786101 0.9238789678 0 -0.3826846182 3035.dat
1 15 -891.9990234 527.8986206 -1269.800171 0 1 0 0.3826850355 0 0.9238784909 0.9238788486 0 -0.3826849163 50304.dat
1 15 -891.9988403 596.7817383 -1103.501953 0 1 0 0.3826851845 0 0.9238784313 0.9238787889 0 -0.3826850355 50305.dat
