1 0 999.9994507 -371.1165771 -800.0009766 0 0 1 0 1 0 -1 0 0 59443.dat
1 0 919.9993286 -371.1165771 -800.0008545 -1 0 3.139164733e-7 0 1 0 -3.139164733e-7 0 -1 3707.dat
1 0 839.9992676 -371.1165771 -800.0008545 0 0 1 0 1 0 -1 0 0 59443.dat
1 0 759.9992065 -371.1165771 -800.0008545 -1 0 3.139164733e-7 0 1 0 -3.139164733e-7 0 -1 3707.dat
1 0 679.9990845 -371.1165771 -800.0008545 0 0 1 0 1 0 -1 0 0 59443.dat
1 71 649.9987793 -371.1150513 -800.0056152 -1 0 3.139164733e-7 0 0.9999999404 0 -3.139164733e-7 0 -1 4519.dat
1 0 619.9987183 -371.1150513 -800.0055542 0 0 1 0 1 0 -1 0 0 59443.dat
1 0 579.9986572 -371.1150513 -800.0055542 -1 0 3.139164733e-7 0 1 0 -3.139164733e-7 0 -1 3705.dat
1 0 539.9985962 -371.1150513 -800.0055542 0 0 1 0 1 0 -1 0 0 59443.dat
1 19 519.9985352 -371.1150513 -800.0055542 0.9999999404 0 8.940696716e-8 0 -8.940696006e-8 0.9999998808 -8.940696716e-8 -0.9999999404 0 6562.dat
1 71 645.9990234 -93.95027924 -914.8085327 1 0 -3.139164733e-7 1.20130764e-7 0.923879385 0.3826838434 2.900209495e-7 -0.3826838434 0.923879385 4519.dat
1 71 669.9990234 -93.94980621 -914.8078613 -2.304047229e-7 -2.304047229e-7 1.000000358 -0.9238789082 -0.3826850653 -3.010383978e-7 0.3826848269 -0.9238789678 -1.246936279e-7 6590.dat
1 15 679.9990234 -112.4274597 -907.1540527 0 1.000000358 0 0.9238789082 0 -0.3826849163 -0.3826850355 0 -0.9238787889 3032.dat
1 15 687.9990234 -150.0389862 -945.6939697 0 1.000000358 0 -0.3826853931 0 -0.9238787293 -0.9238786101 0 0.3826854825 47397.dat
1 15 679.9994507 -223.2930145 -861.2325439 0 1.000000119 0 -0.3826851547 0 -0.9238787889 -0.9238800406 0 0.3826852739 3958.dat
1 15 687.9994507 -130.9048157 -899.5002441 0 1.000000119 0 0.9238787889 0 -0.3826851547 -0.3826852739 0 -0.9238800406 2445.dat
1 15 679.9993896 -20.03932953 -945.4227295 0 1.000000119 0 0.9238787889 0 -0.3826851547 -0.3826852739 0 -0.9238800406 3020.dat
1 15 687.9988403 9.262159348 -979.2077026 0 1.000000119 0 -0.3826853931 0 -0.9238787293 -0.9238786101 0 0.3826854825 41770.dat
1 15 687.9992065 24.56942558 -942.2522583 0 1.000000119 0 -0.3826853931 0 -0.9238787293 -0.9238786101 0 0.3826854825 41769.dat
1 15 687.9990234 -111.7704849 -853.3064575 0 1.000000358 0 -0.3826853931 0 -0.9238787293 -0.9238786101 0 0.3826854825 47398.dat
1 15 687.9996948 -297.2029419 -830.6151123 0 1 0 -0.3826856315 0 -0.9238791466 -0.923879087 0 0.3826855719 3958.dat
1 15 679.9995117 -315.6805115 -822.9612427 0 0.9999998808 0 -0.3826854825 0 -0.9238789678 -0.9238785505 0 0.3826855421 3035.dat
1 15 687.9992676 -350.1223755 -906.1124878 0 1.000000119 0 -0.3826856613 0 -0.923879087 -0.9238783121 0 0.3826857507 50305.dat
1 15 687.9992676 -281.2392273 -739.8144531 0 1.000000119 0 -0.3826854229 0 -0.9238787293 -0.9238781929 0 0.3826854527 50304.dat
1 0 649.9990234 -371.1122742 -799.9992676 1 8.940698137e-8 0 8.25998967e-8 0.3827210963 -0.9238640666 -3.421794048e-8 0.9238634706 0.3827212453 32013.dat
1 0 649.9990234 -287.9656982 -834.4468384 -3.139165017e-7 0 -1.000000119 0.9238798022 -0.3826830387 -2.900210916e-7 -0.3826834857 -0.9238795042 1.201306503e-7 3707.dat
1 71 649.9992676 -315.6823425 -822.9680176 5.960464478e-8 0.9999999404 2.304046376e-7 0.3826447427 -1.900624085e-7 0.9238955975 0.923895061 1.432315884e-7 -0.3826446533 6590.dat
1 71 649.9990234 -297.2013245 -830.6134033 5.960464122e-8 0.9999998808 2.304046234e-7 -0.3826447427 1.900623943e-7 -0.9238955379 -0.9238945246 -1.432315457e-7 0.3826446235 6590.dat
1 71 649.9990234 -260.2468567 -845.9223022 5.960464122e-8 0.9999998808 2.304046234e-7 -0.3826447427 1.900623943e-7 -0.9238955379 -0.9238945246 -1.432315457e-7 0.3826446235 6590.dat
1 0 649.9990234 -214.053772 -865.0568237 -1.000000119 0 0 0 0.3827210665 0.923864603 0 0.9238638878 -0.3827214241 59443.dat
1 0 649.9990845 -158.6213531 -888.0202026 0 -1.000000119 0 0.923879385 0 0.3826826513 -0.3826828599 0 0.9238786101 3706.dat
1 71 649.9992065 -167.8602905 -884.1928711 5.960464478e-8 0.9999999404 2.304046376e-7 0.3826446533 -1.900623943e-7 0.9238955379 0.9238951206 1.432315884e-7 -0.3826446533 6590.dat
1 71 649.9990234 -149.3822784 -891.8467407 5.960464122e-8 0.9999998808 2.304046234e-7 -0.3826447427 1.900623943e-7 -0.9238955379 -0.9238945246 -1.432315457e-7 0.3826446235 6590.dat
1 0 649.9990845 -93.94979095 -914.8059082 -1 -8.940698137e-8 0 -8.260128936e-8 0.3826829791 0.9238797426 3.42145583e-8 0.9238792658 -0.3826832473 32013.dat
1 71 649.9989624 -241.7719574 -853.5813599 5.960463767e-8 0.9999998212 2.304046092e-7 0.3826448321 -1.900624369e-7 0.9238957763 0.9238948822 1.432316168e-7 -0.3826448321 6590.dat
1 71 649.9990234 -130.9073944 -899.5057373 5.960463767e-8 0.9999998212 2.304046092e-7 0.3826448321 -1.900624369e-7 0.9238957763 0.9238948822 1.432316168e-7 -0.3826448321 6590.dat
1 0 669.9993896 -334.15448 -815.3116455 0 -3.258412562e-7 0.9999996424 0.9238789678 0.3826848567 1.246945516e-7 -0.3826848567 0.9238777161 3.010375735e-7 32039.dat
1 0 649.9990234 -205.4729156 -922.7335205 -1 0 3.139164733e-7 1.201434259e-7 -0.9238626361 0.3827241659 2.900156915e-7 0.3827241659 0.9238626361 30553.dat
1 0 649.9990234 -197.8186646 -904.2562256 -3.139164733e-7 0 -1 0.3827240169 0.9238621593 -1.20143369e-7 0.9238626957 -0.3827239573 -2.900157199e-7 32062.dat
1 0 649.9992676 -186.337616 -876.5393066 0 1 0 -0.9238784313 0 0.3826867044 0.3826866746 0 0.9238786697 32034.dat
1 0 649.9990845 -174.8542175 -848.8209839 0 -0.9999998808 0 0.382719785 0 -0.923864603 0.9238649607 0 0.3827194571 32062.dat
1 0 649.9990845 -167.1997986 -830.34375 1 0 -3.139164733e-7 -1.201418769e-7 -0.9238650203 -0.3827192485 -2.900163452e-7 0.3827195764 -0.9238646626 30553.dat
1 15 703.9985352 -361.6854553 -1005.706421 0 1 0 0 0 1 1 0 0 3036.dat
1 15 711.9988403 -341.6854553 -1005.706421 0 1 0 -1 0 0 0 0 1 3036.dat
1 15 703.9989014 -241.6853485 -1005.706421 0 1 0 0 0 -1 -1 0 0 3958.dat
1 15 711.9983521 -141.6845093 -1055.706299 0 1.000000119 0 -3.139164733e-7 0 -1 -1 0 3.139164733e-7 47397.dat
1 15 703.9984131 -121.6854095 -1005.706299 0 1.000000119 0 1 0 0 0 0 -1 3032.dat
1 15 679.9984131 -141.6854706 -1005.706299 0 1.000000119 0 0 0 -1.000000119 -1 0 0 6143.dat
1 0 679.9984741 -141.6834259 -1005.706238 1.000000119 0 -3.139165017e-7 -3.139165017e-7 0 -1.000000119 0 0.9999998808 0 32062.dat
1 71 649.9989624 -141.685379 -1005.706299 0 -1 0 3.139165017e-7 0 1.000000119 -1 0 3.139164733e-7 32014.dat
1 0 649.9989624 -179.6853943 -1005.706238 3.139165017e-7 0 1.000000119 1.000000119 0 -3.139165017e-7 0 1 0 32062.dat
1 15 711.9989014 -141.685379 -1005.706421 0 1 0 1 0 0 0 0 -1 2445.dat
1 15 703.9989014 -21.68537903 -1005.706299 0 1 0 1 0 0 0 0 -1 3020.dat
1 15 711.998291 18.31494904 -1025.706543 0 1 0 -3.139164733e-7 0 -1 -1 0 3.139164733e-7 41770.dat
1 15 711.9987183 18.31495476 -985.7062988 0 1 0 -3.139164733e-7 0 -1 -1 0 3.139164733e-7 41769.dat
1 15 711.9985352 -141.6844788 -955.7062378 0 1.000000119 0 -3.139164733e-7 0 -1 -1 0 3.139164733e-7 47398.dat
1 15 679.9989014 -301.6855469 -1005.706482 0 1 0 0 0 -1.000000119 -1 0 0 6143.dat
1 0 679.9989624 -301.6856079 -1005.706421 -1.000000119 0 3.139165017e-7 3.139165017e-7 0 1.000000119 0 1.000000238 0 32062.dat
1 15 711.9986572 -341.6854553 -1095.706421 0 1 0 -3.139164733e-7 0 -1 -1 0 3.139164733e-7 50305.dat
1 15 711.9987793 -341.6854858 -915.7064209 0 1 0 -3.139164733e-7 0 -1 -1 0 3.139164733e-7 50304.dat
1 0 669.9994507 -301.6856079 -1005.706238 0 -3.258413983e-7 1.000000119 0 -0.9999994636 -3.258411994e-7 0.9999995232 0 0 32039.dat
1 0 649.9990234 -301.6853943 -983.7064819 -3.139165585e-7 0 -1.000000238 0 1.000000358 0 1.000000477 0 -3.139166154e-7 3707.dat
1 0 649.9992065 -301.6854248 -903.7064819 1.000000238 0 -3.139165585e-7 0 -1.000000358 0 -3.139166154e-7 0 -1.000000477 30552.dat
1 71 649.9989624 -301.6856079 -985.706543 0.9999999404 5.960464478e-8 2.304046376e-7 5.960464478e-8 0.9999999404 2.304046376e-7 -2.304047229e-7 -2.304047229e-7 1.000000358 6590.dat
1 71 649.9989624 -301.6856079 -1025.706543 0.9999999404 5.960464478e-8 2.304046376e-7 5.960464478e-8 0.9999999404 2.304046376e-7 -2.304047229e-7 -2.304047229e-7 1.000000358 6590.dat
1 0 649.9989624 -301.684845 -1065.914795 0 1.000000238 0 1.000000238 0 0 0 0 -1.000000715 59443.dat
1 0 649.9989624 -301.6848145 -1085.914673 0 1.000000238 0 3.139165585e-7 0 1.000000238 1.000000477 0 -3.139166154e-7 32062.dat
1 0 649.9989624 -301.6847839 -1105.914795 -1.000000238 0 3.139165585e-7 0 -1.000000477 0 3.139166154e-7 0 1.000000477 30552.dat
1 0 649.9995117 -189.6856232 -1005.706238 0 0.9999999404 3.258413415e-7 0 -3.258412846e-7 0.9999997616 0.9999998808 0 0 32039.dat
1 0 649.9989624 -209.3001862 -1001.971985 0 -1.000000238 0 3.139165869e-7 0 1.000000358 -1.000000477 0 3.139166154e-7 3706.dat
1 0 649.9990234 -209.3001862 -941.9719849 1.000000238 0 -3.139165585e-7 0 -1.000000358 0 -3.139166154e-7 0 -1.000000477 30552.dat
1 71 649.9989624 -209.2985687 -983.9765625 0.9999999404 5.960464478e-8 2.304046376e-7 5.960464478e-8 0.9999999404 2.304046376e-7 -2.304047229e-7 -2.304047229e-7 1.000000358 6590.dat
1 71 649.9989624 -209.2985687 -1025.976563 0.9999999404 5.960464478e-8 2.304046376e-7 5.960464478e-8 0.9999999404 2.304046376e-7 -2.304047229e-7 -2.304047229e-7 1.000000358 6590.dat
1 0 649.9989624 -209.2980652 -1067.643311 -1.000000238 0 3.139165585e-7 0 -1.000000477 0 3.139166154e-7 0 1.000000477 30552.dat
1 0 649.9989624 -297.8583374 -1125.153687 1 0 -3.139164733e-7 1.201186137e-7 -0.923895359 0.38264516 -2.900259801e-7 -0.38264516 -0.923895359 30553.dat
1 0 649.9989624 -290.2054443 -1143.631714 -3.139164733e-7 0 -1 -0.3826442063 0.9238954782 1.201183153e-7 0.9238955379 0.3826443851 -2.90026037e-7 32062.dat
1 0 649.9989014 -278.7240601 -1171.3479 0 1.000000119 0 -0.9238795042 0 -0.3826831579 -0.3826832771 0 0.9238800406 32034.dat
1 0 649.9989624 -267.2437134 -1199.064209 -3.139164164e-7 0 -0.9999998212 -0.3826826215 0.9238792062 1.201303803e-7 0.9238794446 0.3826831281 -2.900209779e-7 32062.dat
1 0 649.9989014 -259.5899353 -1217.541992 -0.9999999404 0 3.139164448e-7 -1.201302666e-7 -0.9238800406 -0.3826822639 2.900210063e-7 -0.3826833069 0.9238795638 30553.dat
1 71 645.9988403 -93.94995117 -1094.807861 1 0 -3.139164733e-7 2.900206368e-7 0.3826862872 0.9238783717 1.201315314e-7 -0.9238783717 0.3826862872 4519.dat
1 71 669.9988403 -93.94914246 -1094.807739 -2.304047229e-7 -2.304047229e-7 1.000000358 -0.3826852143 -0.9238789082 -3.010384262e-7 0.9238787889 -0.3826851249 1.246935142e-7 6590.dat
1 15 679.9988403 -112.4268036 -1102.461182 0 1.000000358 0 0.9238786101 0 0.3826851547 0.3826850653 0 -0.9238788486 3032.dat
1 15 687.9988403 -111.7701263 -1156.30896 0 1.000000358 0 0.382684797 0 -0.9238787889 -0.9238785505 0 -0.3826842308 47397.dat
1 15 679.9992065 -223.2923584 -1148.383301 0 1.000000119 0 0.3826850355 0 -0.9238787293 -0.923879385 0 -0.3826845288 3958.dat
1 15 687.9992065 -130.9043732 -1110.115356 0 1.000000119 0 0.9238787293 0 0.3826850355 0.3826845288 0 -0.923879385 2445.dat
1 15 679.9992065 -20.03898048 -1064.19397 0 1.000000119 0 0.9238787293 0 0.3826850355 0.3826845288 0 -0.923879385 3020.dat
1 15 687.9986572 24.56983948 -1067.363037 0 1.000000119 0 0.382684797 0 -0.9238787889 -0.9238785505 0 -0.3826842308 41770.dat
1 15 687.9990845 9.262430191 -1030.407837 0 1.000000119 0 0.382684797 0 -0.9238787889 -0.9238785505 0 -0.3826842308 41769.dat
1 15 687.9988403 -150.0386505 -1063.921021 0 1.000000358 0 0.382684797 0 -0.9238787889 -0.9238785505 0 -0.3826842308 47398.dat
1 15 687.9992676 -297.2026367 -1178.998169 0 1 0 0.3826850057 0 -0.9238787293 -0.923879385 0 -0.3826844692 3958.dat
1 15 679.9990845 -315.6802979 -1186.651733 0 0.9999998808 0 0.3826847076 0 -0.9238788486 -0.9238790274 0 -0.382684499 3035.dat
1 15 687.9990845 -281.2384949 -1269.80127 0 1.000000119 0 0.382684648 0 -0.9238788486 -0.9238783717 0 -0.3826840818 50305.dat
1 15 687.9990234 -350.1217957 -1103.50293 0 1.000000119 0 0.382684797 0 -0.9238787889 -0.9238785505 0 -0.382684201 50304.dat
1 0 649.9986572 -371.114502 -1209.609741 1 8.940698137e-8 0 8.260262518e-8 -0.3826465607 -0.9238947034 3.421121164e-8 0.9238943458 -0.3826457858 32013.dat
1 0 649.9989624 -287.962738 -1175.174316 -3.139165017e-7 0 -1.000000119 0.9238790274 0.3826844692 -2.900208358e-7 0.3826836646 -0.9238787293 -1.201307072e-7 3707.dat
1 71 649.9988403 -315.6791687 -1186.654907 1 5.960465188e-8 2.30404666e-7 -1.90056241e-7 0.3826835454 0.9238789082 -1.432394328e-7 -0.9238789678 0.3826828897 6590.dat
1 71 649.9986572 -297.2006226 -1179.002563 -5.960464122e-8 -0.9999998808 -2.304046234e-7 -0.382645607 1.900621669e-7 -0.9238948226 0.9238942266 1.432315599e-7 -0.3826447725 6590.dat
1 71 649.9986572 -260.2461548 -1163.693604 -5.960464122e-8 -0.9999998808 -2.304046234e-7 -0.382645607 1.900621669e-7 -0.9238948226 0.9238942266 1.432315599e-7 -0.3826447725 6590.dat
1 0 649.9988403 -214.0539856 -1144.555908 -1 0 0 0 -0.3826469481 0.9238947034 0 0.9238952994 0.3826460242 59443.dat
1 0 649.9987793 -158.6208496 -1121.595703 0 -1.000000119 0 0.9238783121 0 -0.3826846182 0.3826838732 0 0.9238781333 3706.dat
1 71 649.9961548 -167.8586578 -1125.424683 1 5.960465188e-8 2.30404666e-7 -1.900562268e-7 0.3826835454 0.9238788486 -1.432394328e-7 -0.9238789678 0.3826828599 6590.dat
1 71 649.9987183 -149.3816071 -1117.768433 -5.960464122e-8 -0.9999998808 -2.304046234e-7 -0.382645607 1.900621669e-7 -0.9238948226 0.9238942266 1.432315599e-7 -0.3826447725 6590.dat
1 0 649.9985962 -93.94915009 -1094.807251 -1 -8.940698137e-8 0 -8.26012041e-8 -0.3826844692 0.9238787293 -3.421459027e-8 0.9238786101 0.3826837838 32013.dat
1 71 649.9988403 -241.7689514 -1156.039673 -5.960463767e-8 -0.9999998212 -2.304046092e-7 0.3826458156 -1.900620958e-7 0.9238945842 -0.9238945246 -1.432316452e-7 0.3826450408 6590.dat
1 71 649.9987793 -130.9044495 -1110.114502 -5.960463767e-8 -0.9999998212 -2.304046092e-7 0.3826458156 -1.900620958e-7 0.9238945842 -0.9238945246 -1.432316452e-7 0.3826450408 6590.dat
1 0 669.9993896 -334.1568604 -1194.308716 0 -3.258413699e-7 1 -0.9238786697 0.3826839626 1.246942674e-7 -0.3826832771 -0.9238787293 -3.010379146e-7 32039.dat
1 0 649.9989624 -205.4716644 -1086.882324 1 0 -3.139164733e-7 1.201187274e-7 -0.9238952398 0.3826454878 -2.900259233e-7 -0.3826454878 -0.9238952398 30553.dat
1 0 649.9989624 -197.8187866 -1105.360229 0 -1 0 -0.3826453686 0 -0.9238949418 0.9238957763 0 -0.3826453388 32062.dat
1 0 649.9989014 -186.3373413 -1133.076416 0 1.000000119 0 -0.9238792658 0 -0.3826833069 -0.3826832175 0 0.9238802195 32034.dat
1 0 649.9990845 -174.8474579 -1160.77832 0 1 0 0.3826427758 0 -0.9238960147 -0.9238968492 0 -0.3826427162 32062.dat
1 0 649.9990845 -167.1944733 -1179.255981 -1 0 3.139164733e-7 -1.201176616e-7 -0.9238960743 -0.3826421201 2.900262359e-7 -0.3826428354 0.9238961935 30553.dat
1 15 711.9987793 -265.433197 -1273.108154 0 1 0 0.7070460916 0 -0.7071675062 -0.7071675062 0 -0.7070460916 50304.dat
1 15 703.9983521 -215.9423828 -1350.892212 0 1 0 -0.70704633 0 0.7071672082 0.7071671486 0 0.7070462704 3036.dat
1 15 711.9987793 -201.7989807 -1336.753418 0 1 0 -0.7071672082 0 -0.70704633 -0.7070462704 0 0.7071671486 3036.dat
1 15 703.9988403 -131.0821533 -1266.048462 0 1.000000119 0 0.70704633 0 -0.7071672082 -0.7071671486 0 -0.7070462704 3958.dat
1 15 679.9988403 -173.5123444 -1308.471558 0 1 0 0.70704633 0 -0.7071672082 -0.7071671486 0 -0.7070462704 6143.dat
1 0 679.9989014 -173.5123596 -1308.471436 -1.000000238 0 3.139165585e-7 2.219914563e-7 -0.7070464492 0.7071672678 2.219534565e-7 0.7071675062 0.7070462108 32062.dat
1 15 711.9985352 -95.71772766 -1159.985229 0 1.000000119 0 0.7070460916 0 -0.7071674466 -0.707167387 0 -0.707046032 47398.dat
1 15 703.9983521 -46.2223053 -1181.202881 0 1.000000119 0 0.7071672082 0 0.7070457339 0.7070462704 0 -0.7071648836 3032.dat
1 15 711.9988403 -60.36549759 -1195.344116 0 1 0 0.7071672082 0 0.70704633 0.7070462704 0 -0.7071671486 2445.dat
1 15 703.9989014 24.49452972 -1110.498291 0 1 0 0.7071672082 0 0.70704633 0.7070462704 0 -0.7071671486 3020.dat
1 15 711.9987793 38.64049149 -1068.072998 0 1 0 0.7070460916 0 -0.7071674466 -0.707167387 0 -0.707046032 41769.dat
1 15 711.998291 66.92247009 -1096.359619 0 1 0 0.7070460916 0 -0.7071674466 -0.707167387 0 -0.707046032 41770.dat
1 15 679.9983521 -60.36569977 -1195.342773 0 1.000000119 0 0.7070457339 0 -0.7071672082 -0.7071648836 0 -0.7070462704 6143.dat
1 71 649.9989624 -60.36572266 -1195.341919 0 -1.000000119 0 0.7070459723 0 0.7071669698 -0.7071646452 0 0.7070465088 32014.dat
1 0 649.9989624 -87.23805237 -1222.209595 3.139165585e-7 0 1.000000238 0.7071671486 -0.7070457935 -2.219914137e-7 0.70704633 0.707164824 -2.219534849e-7 32062.dat
1 0 679.9984741 -60.36465836 -1195.342651 1.000000238 0 -3.139165585e-7 -2.219914137e-7 -0.7070455551 -0.7071671486 -2.219534849e-7 0.7071647048 -0.70704633 32062.dat
1 15 711.9984131 -25.01307678 -1230.701904 0 1.000000119 0 0.7070460916 0 -0.7071674466 -0.707167387 0 -0.707046032 47397.dat
1 15 711.9985962 -138.1648712 -1400.396362 0 1 0 0.7070460916 0 -0.7071674466 -0.707167387 0 -0.707046032 50305.dat
1 0 669.9996948 -173.5125732 -1308.471069 0 -3.258413983e-7 1.000000119 -0.7070471048 -0.7071655989 -2.30423808e-7 0.7071654201 -0.7070470452 -2.303851829e-7 32039.dat
1 0 649.9989014 -192.1209564 -1290.417358 -3.139165869e-7 0 -1.000000358 -0.7071366906 0.7070773244 2.219818498e-7 0.7070772648 0.707136631 -2.219632051e-7 3707.dat
1 0 649.9988403 -248.6919098 -1233.851196 1.000000358 0 -3.139165869e-7 2.219818782e-7 -0.7070773244 0.7071367502 -2.219632904e-7 -0.707136631 -0.7070775628 30552.dat
1 71 649.9987793 -187.6531677 -1294.328247 1 5.960465188e-8 2.30404666e-7 2.050572476e-7 0.7071672082 -0.70704633 -1.207914266e-7 0.7070457935 0.7071676254 6590.dat
1 71 649.9987793 -159.3713531 -1322.614868 1 5.960465188e-8 2.30404666e-7 2.050572476e-7 0.7071672082 -0.70704633 -1.207914266e-7 0.7070457935 0.7071676254 6590.dat
1 0 649.9987183 -133.9881287 -1348.544434 0 1.000000238 0 0.7070772648 0 0.7071370482 0.7071366906 0 -0.7070777416 59443.dat
1 0 649.9987183 -119.8454132 -1362.686035 0 1.000000238 0 -0.7071364522 0 0.7070775032 0.7070775032 0 0.7071364522 32062.dat
1 0 649.9986572 -105.7026062 -1376.827759 -1.000000358 0 3.139165869e-7 -2.219818498e-7 -0.7070775032 -0.7071366906 2.219632051e-7 -0.707136929 0.7070772648 30552.dat
1 0 649.9994507 -94.31008911 -1229.281616 0 1 3.258413699e-7 -0.707046926 -2.304239786e-7 0.7071661353 0.7071659565 -2.303851545e-7 0.7070469856 32039.dat
1 0 649.9990234 -109.8670349 -1242.008423 0 1.000000358 0 -0.707046032 0 0.7071674466 0.7071674466 0 0.707046032 3706.dat
1 0 649.9990234 -156.2978058 -1195.566406 1.000000358 0 -3.139165869e-7 2.219535702e-7 -0.7071675658 0.7070465684 -2.219915984e-7 -0.7070463896 -0.7071677446 30552.dat
1 71 649.9988403 -123.5431061 -1227.782715 1 5.960465188e-8 2.30404666e-7 2.050572334e-7 0.707167387 -0.7070462108 -1.207913414e-7 0.7070459723 0.7071672678 6590.dat
1 71 649.9988403 -93.84732819 -1257.483521 1 5.960465188e-8 2.30404666e-7 2.050572334e-7 0.707167387 -0.7070462108 -1.207913414e-7 0.7070459723 0.7071672678 6590.dat
1 0 649.9990234 -67.44434357 -1284.438477 -1.000000358 0 3.139165869e-7 -2.219535276e-7 -0.7071675062 -0.7070464492 2.219915274e-7 -0.7070464492 0.7071675062 30552.dat
1 0 649.9984741 -89.3926239 -1387.72522 1 0 -3.139164733e-7 2.900210063e-7 -0.3826834261 0.9238795638 -1.201306361e-7 -0.9238795638 -0.3826834261 30553.dat
1 0 649.9984741 -70.91504669 -1395.376831 -3.139164733e-7 0 -1 -0.9238792062 0.3826840222 2.900208926e-7 0.3826842904 0.9238789082 -1.201309061e-7 32062.dat
1 0 649.9986572 -43.21186066 -1406.860962 0 1.000000358 0 -0.3827241957 0 -0.9238631129 -0.9238622785 0 0.3827247024 32034.dat
1 0 649.9986572 -15.49590969 -1418.342896 -3.139165017e-7 0 -1.000000119 -0.9238638282 0.38272205 2.900160609e-7 0.3827225864 0.9238629341 -1.201429285e-7 32062.dat
1 0 649.9986572 2.981441498 -1425.99707 -1.000000238 0 3.139165585e-7 -2.900160325e-7 -0.3827224374 -0.923863709 1.201430422e-7 -0.9238638878 0.382722944 30553.dat
1 15 687.9991455 -141.6710205 -1409.369629 0 1 0 0.9238625169 0 -0.3827245235 -0.3827245235 0 -0.9238625169 50304.dat
1 15 679.9991455 -66.17776489 -1462.29187 0 1 0 0.9238625169 0 -0.3827240765 -0.3827241659 0 -0.9238625169 3036.dat
1 15 687.9992676 -58.52345276 -1443.815063 0 1 0 0.3827242553 0 0.9238625765 0.9238624573 0 -0.3827243149 3036.dat
1 15 679.9993286 -20.2508831 -1351.428467 0 1 0 0.9238626361 0 -0.3827241063 -0.3827242851 0 -0.9238625169 3958.dat
1 15 687.9990845 -28.17164612 -1239.905884 0 1.000000238 0 0.9238625169 0 -0.3827243745 -0.3827245235 0 -0.9238623977 47398.dat
1 15 679.9990234 25.67592812 -1240.564697 0 1.000000238 0 0.3827239573 0 0.9238622785 0.9238625765 0 -0.3827240467 3032.dat
1 15 687.9993286 18.02170181 -1259.042114 0 1 0 0.3827242553 0 0.9238625765 0.9238624573 0 -0.3827243149 2445.dat
1 15 679.9993896 63.94866562 -1148.178589 0 1 0 0.3827242553 0 0.9238625765 0.9238624573 0 -0.3827243149 3020.dat
1 15 687.9992676 60.78033447 -1103.569214 0 1 0 0.9238625169 0 -0.3827243745 -0.3827245235 0 -0.9238623977 41769.dat
1 15 687.9988403 97.73470306 -1118.878418 0 1 0 0.9238625169 0 -0.3827243745 -0.3827245235 0 -0.9238623977 41770.dat
1 15 687.9990234 64.21459198 -1278.178345 0 1.000000238 0 0.9238625169 0 -0.3827243745 -0.3827245235 0 -0.9238623977 47397.dat
1 71 669.9990234 33.33057022 -1222.087524 -2.304046944e-7 -2.304046944e-7 1.000000238 -0.9238622189 -0.3827242255 -3.010435705e-7 0.3827239573 -0.9238627553 -1.246808807e-7 6590.dat
1 71 645.9990234 33.33005142 -1222.088257 0.9999998808 0 -3.139164448e-7 1.201430138e-7 0.9238623381 0.3827228546 2.900158336e-7 -0.3827228546 0.9238630533 4519.dat
1 15 687.9992676 24.62428284 -1478.26001 0 1 0 0.9238624573 0 -0.3827248216 -0.3827246726 0 -0.9238628149 50305.dat
1 0 649.9987793 -81.48410797 -1499.247437 0.9999999404 8.940696716e-8 0 3.421804706e-8 -0.9238634706 -0.3827224374 8.259986117e-8 0.3827220798 -0.923863709 32013.dat
1 0 649.9991455 -47.03916168 -1416.099609 3.139164733e-7 0 1 -0.382722348 0.9238636494 1.201428432e-7 -0.9238638282 -0.3827221394 2.900160609e-7 3707.dat
1 71 649.9990234 -58.51214981 -1443.818726 5.960464478e-8 0.9999999404 2.304046376e-7 -0.9238952398 -1.43231432e-7 0.3826439083 0.3826448321 -1.900622948e-7 0.9238951802 6590.dat
1 71 649.9990234 -50.86679459 -1425.337646 5.960464122e-8 0.9999998808 2.304046234e-7 0.9238951206 1.432314178e-7 -0.3826439083 -0.3826448023 1.900622948e-7 -0.9238951802 6590.dat
1 71 649.9990234 -35.55784988 -1388.383423 5.960464122e-8 0.9999998808 2.304046234e-7 0.9238951206 1.432314178e-7 -0.3826439083 -0.3826448023 1.900622948e-7 -0.9238951802 6590.dat
1 0 649.9993286 -16.42337418 -1342.189453 1 0 0 0 -0.9238802195 -0.3826847076 0 0.3826845884 -0.9238799214 59443.dat
1 0 649.9990234 6.540009499 -1286.757813 0 1 0 -0.3827225566 0 -0.9238631129 -0.9238629341 0 0.3827222884 3706.dat
1 71 649.9990234 2.713615179 -1295.996704 5.960464478e-8 0.9999999404 2.304046376e-7 -0.923895359 -1.43231432e-7 0.3826439083 0.3826448023 -1.900622948e-7 0.9238951802 6590.dat
1 71 649.9990234 10.36664867 -1277.518921 5.960464122e-8 0.9999998808 2.304046234e-7 0.9238951206 1.432314178e-7 -0.3826439083 -0.3826448023 1.900622948e-7 -0.9238951802 6590.dat
1 0 649.9992065 33.32944489 -1222.086914 -0.9999999404 -8.940696716e-8 0 -3.421466488e-8 -0.9238792658 0.3826844096 -8.260126094e-8 0.3826842606 0.9238795042 32013.dat
1 71 649.9990234 -27.90198326 -1369.906738 5.960462701e-8 0.9999996424 2.304045665e-7 -0.9238951206 -1.432315742e-7 0.3826445937 0.3826448023 -1.900622948e-7 0.9238951802 6590.dat
1 71 649.9990845 18.02244186 -1259.042236 5.960462701e-8 0.9999996424 2.304045665e-7 -0.9238951206 -1.432315742e-7 0.3826445937 0.3826448023 -1.900622948e-7 0.9238951802 6590.dat
1 0 669.9993286 -66.17553711 -1462.292603 0 -3.258411994e-7 0.9999994636 0.3827201426 -0.9238622785 -3.010325429e-7 0.9238624573 0.382720232 1.247060908e-7 32039.dat
1 0 649.9988403 -51.13490677 -1295.337524 1 0 -3.139164733e-7 2.900160325e-7 -0.3827216029 0.923863709 -1.201426159e-7 -0.923863709 -0.3827216029 30553.dat
1 0 649.9988403 -32.6578064 -1302.99231 3.139164733e-7 0 1 0.9238634706 0.3827215731 -2.900159757e-7 -0.3827218115 0.9238633513 1.201426869e-7 32062.dat
1 0 649.9988403 -4.941800117 -1314.473877 0 1.000000238 0 -0.3827222586 0 -0.923863709 -0.9238632321 0 0.382722646 32034.dat
1 0 649.9988403 22.77518272 -1325.957397 0 1 0 0.9238958955 0 -0.3826445937 -0.3826449513 0 -0.9238952398 32062.dat
1 0 649.9988403 41.25312042 -1333.610229 -1.000000119 0 3.139165017e-7 -2.900259517e-7 -0.3826447427 -0.9238952994 1.201185711e-7 -0.9238955379 0.3826450109 30553.dat
1 15 711.9986572 104.2199631 -1109.823975 0 1 0 1 0 -3.139164733e-7 -3.139164733e-7 0 -1 41769.dat
1 15 703.9987793 124.2198257 -1149.824219 0 1 0 0 0 1 1 0 0 3020.dat
1 15 711.9981689 144.2200012 -1109.823975 0 1 0 1 0 -3.139164733e-7 -3.139164733e-7 0 -1 41770.dat
1 15 711.9987793 124.2198334 -1269.824219 0 1 0 0 0 1 1 0 0 2445.dat
1 15 703.998291 124.2197876 -1249.824341 0 1.000000119 0 0 0 1 1 0 0 3032.dat
1 15 711.9984131 74.21977234 -1269.823975 0 1.000000119 0 1 0 -3.139164733e-7 -3.139164733e-7 0 -1 47398.dat
1 15 703.9987793 124.2198792 -1369.824219 0 1.000000119 0 1 0 0 0 0 -1 3958.dat
1 15 679.9987183 124.2198486 -1429.824585 0 1 0 1 0 0 0 0 -1 6143.dat
1 0 679.9989014 124.2198486 -1429.824463 -1.000000238 0 3.139165585e-7 0 -1.000000238 0 3.139164733e-7 0 1 32062.dat
1 15 703.998291 124.2197037 -1489.824463 0 1 0 -1 0 0 0 0 1 3036.dat
1 15 711.9987793 124.2198486 -1469.824341 0 1 0 0 0 -1 -1 0 0 3036.dat
1 15 711.9987793 34.21966553 -1469.824463 0 1 0 1 0 -3.139164733e-7 -3.139164733e-7 0 -1 50304.dat
1 15 711.9985352 214.2198334 -1469.824341 0 1 0 1 0 -3.139164733e-7 -3.139164733e-7 0 -1 50305.dat
1 15 711.99823 174.2198334 -1269.823975 0 1.000000119 0 1 0 -3.139164733e-7 -3.139164733e-7 0 -1 47397.dat
1 15 679.998291 124.2197876 -1269.824463 0 1.000000119 0 1 0 0 0 0 -1 6143.dat
1 0 679.998291 124.2197647 -1269.822876 1.000000238 0 -3.139165585e-7 0 -1 0 -3.139164733e-7 0 -1 32062.dat
1 71 649.9988403 124.2197418 -1269.824341 0 -1.000000119 0 1 0 -3.139164733e-7 3.139164733e-7 0 1 32014.dat
1 0 649.9988403 124.2197037 -1307.824463 3.139165585e-7 0 1.000000238 0 -1 0 1 0 -3.139164733e-7 32062.dat
1 0 669.9993286 124.2195358 -1429.824097 0 -3.258413415e-7 0.9999998808 -0.9999998212 0 0 0 -0.9999998212 -3.25841313e-7 32039.dat
1 0 649.9988403 102.2198639 -1429.824585 -3.139164733e-7 0 -1 -1.000000596 0 3.139166722e-7 0 1.000000477 0 3707.dat
1 0 649.9987793 22.21979141 -1429.824585 1 0 -3.139164733e-7 3.139166722e-7 0 1.000000596 0 -1.000000477 0 30552.dat
1 71 649.9987793 104.2199097 -1429.824463 1 5.960465188e-8 2.30404666e-7 2.304047229e-7 2.304047229e-7 -1.000000358 5.960464478e-8 0.9999999404 2.304046376e-7 6590.dat
1 71 649.9987793 144.2198334 -1429.824463 1 5.960465188e-8 2.30404666e-7 2.304047229e-7 2.304047229e-7 -1.000000358 5.960464478e-8 0.9999999404 2.304046376e-7 6590.dat
1 0 649.9987793 184.4282684 -1429.823975 0 0.9999999404 0 0 0 1.000001073 1.000000477 0 0 59443.dat
1 0 649.9987793 204.4282837 -1429.823853 0 0.9999999404 0 -1.000000715 0 3.139167006e-7 3.139166154e-7 0 1.000000477 32062.dat
1 0 649.9985962 224.4283447 -1429.823853 -1 0 3.139164733e-7 -3.139167006e-7 0 -1.000000715 0 -1.000000715 0 30552.dat
1 0 649.9994507 124.2194214 -1317.824219 0 0.999999702 3.258412846e-7 -1 0 0 0 -3.258413983e-7 1.000000119 32039.dat
1 0 649.9990234 126.1633377 -1337.438599 0 1 0 -1.000000596 0 3.139166722e-7 3.139165869e-7 0 1.000000358 3706.dat
1 0 649.9990234 60.49196243 -1337.436523 1 0 -3.139164733e-7 3.139166722e-7 0 1.000000596 0 -1.000000477 0 30552.dat
1 71 649.9988403 102.4901047 -1337.437378 1 5.960465188e-8 2.30404666e-7 2.304047229e-7 2.304047229e-7 -1.000000358 5.960464478e-8 0.9999999404 2.304046376e-7 6590.dat
1 71 649.9988403 144.4900818 -1337.437378 1 5.960465188e-8 2.30404666e-7 2.304047229e-7 2.304047229e-7 -1.000000358 5.960464478e-8 0.9999999404 2.304046376e-7 6590.dat
1 0 649.9990234 186.1633759 -1337.438599 -1 0 3.139164733e-7 -3.139166722e-7 0 -1.000000596 0 -1.000000358 0 30552.dat
1 0 649.9988403 205.4018555 -1333.611084 1 0 -3.139164733e-7 2.900156346e-7 0.3827247024 0.9238624573 1.201435822e-7 -0.9238624573 0.3827247024 30553.dat
1 0 649.9988403 223.8791504 -1325.956909 3.139164733e-7 0 1 0.9238624573 -0.3827244937 -2.900156346e-7 0.3827244639 0.92386204 -1.201435111e-7 32062.dat
1 0 649.9988403 251.5952606 -1314.476196 0 1.000000238 0 0.3826475143 0 -0.9238945246 -0.9238942862 0 -0.3826476336 32034.dat
1 0 649.9988403 279.3119812 -1302.996338 0 1 0 0.9238942266 0 0.3826475143 0.3826476038 0 -0.9238941669 32062.dat
1 0 649.9988403 297.789917 -1295.343018 -1.000000119 0 3.139165017e-7 -2.900255822e-7 0.3826476634 -0.9238941073 -1.201192674e-7 -0.9238945246 -0.3826472461 30553.dat
1 15 711.9986572 208.115387 -1068.536499 0 1 0 0.7071045041 0 0.7071090937 0.7071090937 0 -0.7071045041 41770.dat
1 15 703.9992676 222.2578278 -1110.963135 0 1 0 -0.7071092725 0 0.7071042657 0.7071042061 0 0.7071092129 3020.dat
1 15 711.9991455 179.8311768 -1096.820801 0 1 0 0.7071045041 0 0.7071090341 0.7071089745 0 -0.7071044445 41769.dat
1 15 711.9991455 307.1110229 -1195.815674 0 1 0 -0.7071092725 0 0.7071042657 0.7071042061 0 0.7071092129 2445.dat
1 15 703.9987183 292.968811 -1181.673462 0 1.000000119 0 -0.7071092725 0 0.7071043849 0.7071042061 0 0.7071090937 3032.dat
1 15 711.9987793 271.7554626 -1231.171021 0 1.000000119 0 0.7071045041 0 0.7071090341 0.7071089745 0 -0.7071044445 47398.dat
1 15 703.9991455 377.8219299 -1266.525879 0 1 0 0.7071042657 0 0.7071092725 0.7071092129 0 -0.7071042061 3958.dat
1 15 711.9988403 342.4659119 -1160.460083 0 1.000000119 0 0.7071045041 0 0.7071090341 0.7071089745 0 -0.7071044445 47397.dat
1 15 711.9992065 448.5329285 -1337.236572 0 1 0 0.7071092725 0 -0.7071042657 -0.7071042061 0 -0.7071092129 3036.dat
1 15 703.9987793 462.6750488 -1351.378784 0 1 0 -0.7071042657 0 -0.7071092725 -0.7071092129 0 0.7071042061 3036.dat
1 15 711.9990234 384.8934021 -1400.876221 0 1 0 0.7071045041 0 0.7071090341 0.7071089745 0 -0.7071044445 50304.dat
1 15 711.9989624 512.1723633 -1273.59668 0 1 0 0.7071045041 0 0.7071090341 0.7071089745 0 -0.7071044445 50305.dat
1 15 679.9991455 420.2486572 -1308.952393 0 1 0 0.7071042061 0 0.7071090937 0.7071089149 0 -0.7071040273 6143.dat
1 0 679.9992676 420.2486572 -1308.952515 -1.000000119 0 3.139165017e-7 -2.219732096e-7 -0.7071045041 -0.7071091533 2.219716606e-7 -0.7071094513 0.7071042061 32062.dat
1 15 679.9986572 307.1110229 -1195.815796 0 1.000000119 0 0.7071042657 0 0.7071092725 0.7071092129 0 -0.7071042061 6143.dat
1 0 679.9987183 307.1099854 -1195.814697 1.000000119 0 -3.139165017e-7 2.219732664e-7 -0.7071040869 0.7071093321 -2.219716464e-7 -0.7071093917 -0.7071041465 32062.dat
1 71 649.9993286 307.1109619 -1195.815674 0 -1 0 0.7071040273 0 -0.7071095109 0.7071094513 0 0.7071039677 32014.dat
1 0 649.9993286 333.9811096 -1222.685791 3.139165017e-7 0 1.000000119 -0.7071093321 -0.7071042061 2.219732664e-7 0.7071041465 -0.7071092725 -2.219716464e-7 32062.dat
1 0 669.9997559 420.2484131 -1308.952148 0 -3.258413699e-7 1 -0.7070752382 0.7071377039 2.304147131e-7 -0.7071376443 -0.7070750594 -2.303943063e-7 32039.dat
1 0 649.9992676 408.9348755 -1320.266113 -3.139165869e-7 0 -1.000000358 -0.7071045041 -0.7071092129 2.219717459e-7 -0.7071098089 0.7071042657 2.219734228e-7 3707.dat
1 0 649.9990234 352.3662415 -1376.834839 1.000000358 0 -3.139165869e-7 2.219717885e-7 0.7071095705 0.7071046233 2.219734228e-7 -0.7071045041 0.7071098089 30552.dat
1 71 649.9992065 406.1030884 -1323.094727 0.9999999404 5.960464478e-8 2.304046376e-7 1.207731515e-7 -0.7071089745 -0.7071046233 2.050680337e-7 0.7071043849 -0.7071094513 6590.dat
1 71 649.9992676 434.387146 -1294.810547 0.9999999404 5.960464478e-8 2.304046376e-7 1.207731515e-7 -0.7071089745 -0.7071046233 2.050680337e-7 0.7071043849 -0.7071094513 6590.dat
1 0 649.9990234 467.0643921 -1262.135498 0 1.000000358 0 -0.7071092725 0 0.7071048021 0.7071042061 0 0.7071099877 59443.dat
1 0 649.9989624 481.2060852 -1247.993164 0 1.000000358 0 -0.7071047425 0 -0.7071090341 -0.7071095705 0 0.7071044445 32062.dat
1 0 649.9989624 495.348175 -1233.851196 -1.000000358 0 3.139165869e-7 -2.219717459e-7 0.7071093321 -0.7071045041 -2.219734228e-7 -0.7071046233 -0.7071098089 30552.dat
1 0 649.9994507 341.0489197 -1229.759644 0 0.9999999404 3.258413415e-7 -0.7070758939 2.304146278e-7 -0.7071374059 -0.7071374655 -2.303944484e-7 0.7070754766 32039.dat
1 0 649.9990234 360.5422974 -1238.015259 0 1.000000358 0 -0.7071638107 0 -0.7070499659 -0.7070496678 0 0.7071635127 3706.dat
1 0 649.9990234 314.1004028 -1284.446533 1.000000358 0 -3.139165869e-7 2.219903905e-7 0.7070502639 0.7071638703 2.219547781e-7 -0.7071638107 0.7070504427 30552.dat
1 71 649.9992676 339.5557556 -1258.989014 0.9999999404 5.960464478e-8 2.304046376e-7 1.207731088e-7 -0.7071090937 -0.7071044445 2.050679342e-7 0.7071042657 -0.7071090341 6590.dat
1 71 649.9992676 369.2541504 -1229.290283 0.9999999404 5.960464478e-8 2.304046376e-7 1.207731088e-7 -0.7071090937 -0.7071044445 2.050679342e-7 0.7071042657 -0.7071090341 6590.dat
1 0 649.9990234 402.9720764 -1195.592407 -1.000000358 0 3.139165869e-7 -2.219903479e-7 0.7070502043 -0.7071637511 -2.219547497e-7 -0.7071632743 -0.7070503235 30552.dat
1 0 649.9988403 506.2463379 -1217.54126 1 0 -3.139164733e-7 1.201417348e-7 0.9238649011 0.3827188015 2.90016402e-7 -0.3827188015 0.9238649011 30553.dat
1 0 649.9988403 513.9006958 -1199.063965 -3.139164733e-7 0 -1 -0.3827195168 -0.9238643646 1.201419622e-7 -0.9238644242 0.3827193975 2.900162599e-7 32062.dat
1 0 649.9988403 525.3853149 -1171.341553 0 1.000000119 0 -0.9238787889 0 0.3826866746 0.3826863468 0 0.9238787293 32034.dat
1 0 649.9992676 536.8625488 -1143.625122 -3.139164733e-7 0 -1 -0.3827222586 -0.9238636494 1.201428148e-7 -0.9238635898 0.3827218711 2.900160041e-7 32062.dat
1 0 649.9992676 544.5166626 -1125.147705 -1 0 3.139164733e-7 -1.201429285e-7 0.9238645434 -0.3827225864 -2.900159757e-7 -0.3827222288 -0.9238634706 30553.dat
1 15 687.9986572 237.3972626 -1030.407471 0 1 0 0.3826851249 0 0.9238788486 0.9238788486 0 -0.3826851249 41770.dat
1 15 679.9992676 266.698761 -1064.192139 0 1.000000119 0 -0.9238787889 0 0.3826849163 0.3826848567 0 0.9238786697 3020.dat
1 15 687.9990845 222.089859 -1067.362549 0 1 0 0.3826851249 0 0.9238787293 0.9238788486 0 -0.3826850653 41769.dat
1 15 687.9992065 377.5640869 -1110.114624 0 1.000000119 0 -0.9238787889 0 0.3826849163 0.3826848567 0 0.9238786697 2445.dat
1 15 679.9988403 359.0865173 -1102.461182 0 1.000000358 0 -0.9238789082 0 0.3826847374 0.3826846778 0 0.9238791466 3032.dat
1 15 687.9988403 358.4299011 -1156.309082 0 1.000000358 0 0.3826851249 0 0.9238787293 0.9238788486 0 -0.3826850653 47398.dat
1 15 679.9992065 469.9520569 -1148.382935 0 1.000000119 0 0.3826848865 0 0.9238788486 0.923879087 0 -0.3826848269 3958.dat
1 15 687.9988403 396.6982727 -1063.921021 0 1.000000358 0 0.3826851249 0 0.9238787293 0.9238788486 0 -0.3826850653 47397.dat
1 15 687.9992065 543.8623657 -1178.997925 0 1.000000119 0 0.3826848865 0 0.9238788486 0.923879087 0 -0.3826848269 3958.dat
1 15 679.9989624 562.3399048 -1186.651489 0 1 0 0.382684797 0 0.9238788486 0.9238787293 0 -0.3826847374 3035.dat
1 15 687.9990234 527.8984985 -1269.800537 0 1 0 0.3826851249 0 0.9238787293 0.9238788486 0 -0.3826850653 50304.dat
1 15 687.9992676 596.7817383 -1103.502686 0 1 0 0.3826852739 0 0.9238786697 0.9238787889 0 -0.3826851845 50305.dat
1 71 669.9989014 340.6090393 -1094.807739 -2.304047229e-7 -2.304047229e-7 1.000000358 -0.9238788486 -0.3826848269 -3.010383409e-7 0.3826845884 -0.9238793254 -1.2469377e-7 6590.dat
1 71 645.9989624 340.60849 -1094.808228 1 0 -3.139164733e-7 1.201306929e-7 0.923879385 0.3826836348 2.900210632e-7 -0.3826834559 0.9238797426 4519.dat
1 0 649.9989014 340.60849 -1094.80835 -0.9999999404 -8.940696716e-8 0 8.260265361e-8 -0.3826456964 -0.923895061 -3.421118322e-8 -0.9238951206 0.3826454878 32013.dat
1 0 649.9989014 405.2804565 -1121.595093 0 1 0 0.9238789082 0 -0.382683754 -0.3826835752 0 -0.9238789082 3706.dat
1 71 649.9989014 396.0418091 -1117.768311 0.9999995828 5.960462346e-8 2.304045523e-7 -2.356757562e-7 -0.3826836348 0.923879087 3.310447738e-8 -0.9238792658 -0.3826833963 6590.dat
1 71 649.9985352 414.5185852 -1125.42395 5.960463767e-8 0.9999998212 2.304046092e-7 0.3826447129 -1.900622948e-7 0.9238951206 0.9238951802 1.432315742e-7 -0.3826445341 6590.dat
1 0 649.9989014 460.7130127 -1144.556274 1 0 0 0 -0.382646054 0.9238954782 0 -0.9238955379 -0.382645607 59443.dat
1 0 649.9984741 534.6243896 -1175.168701 3.139164733e-7 0 1 0.9238794446 0.3826835752 -2.900209779e-7 -0.3826836348 0.9238795042 1.201306929e-7 3707.dat
1 71 649.991272 506.9072266 -1163.69043 0.9999995828 5.960462346e-8 2.304045523e-7 -2.356757562e-7 -0.3826836348 0.923879087 3.310447738e-8 -0.9238792658 -0.3826833963 6590.dat
1 71 649.987854 543.8623657 -1178.997559 0.9999995828 5.960462346e-8 2.304045523e-7 -2.356757562e-7 -0.3826836348 0.923879087 3.310447738e-8 -0.9238792658 -0.3826833963 6590.dat
1 71 649.9985352 562.3405151 -1186.649536 5.960463767e-8 0.9999998212 2.304046092e-7 0.3826446831 -1.900622948e-7 0.9238951206 0.923895359 1.432315742e-7 -0.3826445341 6590.dat
1 0 649.9987183 617.7736206 -1209.609741 0.9999999404 8.940696716e-8 0 -8.260123252e-8 -0.3826835454 0.9238790274 3.421454409e-8 -0.9238794446 -0.3826832473 32013.dat
1 71 649.9989624 377.5638428 -1110.114746 5.960461635e-8 0.9999994636 2.304045239e-7 0.3826447427 -1.90062309e-7 0.9238951802 0.9238948822 1.432315173e-7 -0.3826444149 6590.dat
1 71 649.9990234 488.4283447 -1156.039673 5.960461635e-8 0.9999994636 2.304045239e-7 0.3826447427 -1.90062309e-7 0.9238951802 0.9238948822 1.432315173e-7 -0.3826444149 6590.dat
1 0 669.9993896 580.8169556 -1194.304932 0 -3.258413415e-7 0.9999998808 0.9238783717 0.3826846778 1.246944947e-7 -0.3826842904 0.9238790274 3.010379999e-7 32039.dat
1 0 649.9989624 413.8707581 -1179.282959 1 0 -3.139164733e-7 1.201410669e-7 0.9238657355 0.3827166855 2.900166862e-7 -0.3827166855 0.9238657355 30553.dat
1 0 649.9987793 421.525238 -1160.805664 3.139164733e-7 0 1 0.3827168941 -0.9238653779 -1.201411379e-7 0.9238654375 0.3827166557 -2.900165725e-7 32062.dat
1 0 649.9987793 432.9974976 -1133.075317 0 1 0 -0.9238787293 0 0.3826865554 0.3826864958 0 0.9238783717 32034.dat
1 0 649.9987793 444.4784241 -1105.359497 0 1 0 0.3826446235 0 0.9238952398 0.923895359 0 -0.3826446235 32062.dat
1 0 649.9987793 452.1313782 -1086.881348 -1 0 3.139164733e-7 -1.201185285e-7 0.9238961339 -0.3826448917 -2.900258664e-7 -0.3826447725 -0.923895061 30553.dat
1 15 711.9984741 228.3439636 -985.909668 0 1 0 3.139164733e-7 0 1 1 0 -3.139164733e-7 41770.dat
1 15 703.9990234 268.3442688 -1005.909729 0 1 0 -1 0 0 0 0 1 3020.dat
1 15 711.9990234 388.3443909 -1005.909546 0 1 0 -1 0 0 0 0 1 2445.dat
1 15 703.9991455 488.3442993 -1005.909607 0 1 0 0 0 1 1 0 0 3958.dat
1 15 711.9990234 588.3444214 -1005.909546 0 1 0 1 0 0 0 0 -1 3036.dat
1 15 703.9988403 608.3443604 -1005.909607 0 1 0 0 0 -1 -1 0 0 3036.dat
1 15 711.9989624 588.3444824 -1095.909546 0 1 0 3.139164733e-7 0 1 1 0 -3.139164733e-7 50304.dat
1 15 711.9989624 588.3443604 -915.909668 0 1 0 3.139164733e-7 0 1 1 0 -3.139164733e-7 50305.dat
1 15 679.9992676 548.3445435 -1005.909424 0 1 0 0 0 1.000000119 1 0 0 6143.dat
1 0 679.9991455 548.3446045 -1005.909546 -1.000000119 0 3.139165017e-7 -3.139165017e-7 0 -1.000000119 0 -1.000000238 0 32062.dat
1 15 711.9986572 388.3439941 -1055.90979 0 1.000000119 0 3.139164733e-7 0 1 1 0 -3.139164733e-7 47398.dat
1 15 703.9986572 368.3443909 -1005.909729 0 1.000000119 0 -1 0 0 0 0 1 3032.dat
1 15 679.9986572 388.3444214 -1005.909729 0 1.000000119 0 0 0 1.000000119 1 0 0 6143.dat
1 71 649.9992676 388.3444214 -1005.909729 0 -1 0 -3.139165017e-7 0 -1.000000119 1 0 -3.139164733e-7 32014.dat
1 0 649.9992676 426.3443909 -1005.909729 3.139165017e-7 0 1.000000119 -1.000000119 0 3.139165017e-7 0 -1 0 32062.dat
