1 15 -427.9999695 503.6506042 479.9962158 0 1 0 -1 0 3.139164733e-7 3.139164733e-7 0 1 50305.dat
1 15 -436.000061 533.6504517 499.9962769 0 1 0 0 0 1 1 0 0 3020.dat
1 15 -427.9999695 563.6504517 479.9960938 0 1 0 -1 0 3.139164733e-7 3.139164733e-7 0 1 50304.dat
1 15 -427.9999695 433.6507263 409.9961243 0 1 0 -3.139164733e-7 0 -1 -1 0 3.139164733e-7 50304.dat
1 15 -435.9999695 413.6506958 379.9963074 0 1 0 -1 0 0 0 0 1 3020.dat
1 15 -427.9999695 433.6506958 349.9959106 0 1 0 -3.139164733e-7 0 -1 -1 0 3.139164733e-7 50305.dat
1 71 -390.0001526 533.6538086 379.9991455 2.304046376e-7 2.304046376e-7 -1 -0.9999999404 -5.960464478e-8 -2.304046376e-7 5.960465899e-8 1.000000119 2.304046944e-7 6590.dat
1 0 -416.0001831 533.6538086 379.9991455 1 0 -3.139164733e-7 0 1.000000119 0 3.139165585e-7 0 1.000000238 3707.dat
1 15 -420.0001221 533.6507568 379.9962158 0 1 0 0 0 -1 -1.000000119 0 0 60474.dat
1 71 -430.0001221 533.6538086 379.9992065 -2.304046376e-7 -2.304046376e-7 1 -0.9999999404 -5.960464478e-8 -2.304046376e-7 -5.960465899e-8 -1.000000119 -2.304046944e-7 6590.dat
1 15 -427.9997864 503.6507568 279.9960938 0 0.9999998808 0 1 0 -3.139164733e-7 -3.139164733e-7 0 -1 50304.dat
1 15 -435.9997864 533.6506348 259.9961548 0 0.9999998808 0 0 0 -1 -1 0 0 3020.dat
1 15 -427.9998779 563.6506348 279.9960938 0 0.9999998808 0 1 0 -3.139164733e-7 -3.139164733e-7 0 -1 50305.dat
1 15 -428.000061 633.6507568 409.9959717 0 1 0 3.139164733e-7 0 1 1 0 -3.139164733e-7 50305.dat
1 15 -435.9999695 653.6506958 379.9960022 0 1 0 1 0 0 0 0 -1 3020.dat
1 15 -427.9999695 633.6507568 349.9960327 0 1 0 3.139164733e-7 0 1 1 0 -3.139164733e-7 50304.dat
1 15 -388.0003967 448.8050842 464.8518066 0 -1 0 -0.7071064115 0 -0.7071071863 0.7071071863 0 -0.7071064115 3020.dat
1 15 -396.0003967 441.7341614 429.496582 0 -1 0 0.7071068287 0 -0.7071065903 0.7071066499 0 0.7071068883 50304.dat
1 15 -396.0003052 484.1603394 471.9229736 0 -1 0 0.7071068287 0 -0.7071065903 0.7071066499 0 0.7071068883 50305.dat
1 15 -404.0001831 533.6581421 379.999054 0 -1.000000119 0 0.7071064711 0 0.7071070075 -0.7071070075 0 0.7071064711 60474.dat
1 15 -396.0001831 441.7341309 330.5016479 0 -1.000000119 0 -0.7071065903 0 -0.7071068883 0.7071068883 0 -0.7071065903 50305.dat
1 15 -388.0002136 448.8051758 295.1462708 0 -1.000000119 0 -0.7071070671 0 0.7071063519 -0.7071062922 0 -0.7071070075 3020.dat
1 15 -396.0001831 484.1604614 288.0756836 0 -1.000000119 0 -0.7071065903 0 -0.7071068287 0.7071067691 0 -0.7071065307 50304.dat
1 15 -396.0001831 583.1555176 471.9231567 0 -1.000000119 0 0.7071067691 0 0.7071068883 -0.7071065903 0 0.7071064711 50304.dat
1 15 -388.0002136 618.5108032 464.8523254 0 -1.000000119 0 0.7071070671 0 -0.7071065307 0.707106173 0 0.7071067095 3020.dat
1 15 -396.0000916 625.5819092 429.4970398 0 -1.000000119 0 0.7071067691 0 0.7071068287 -0.7071064711 0 0.7071064115 50305.dat
1 15 -396.0000916 583.1554565 288.0756226 0 -1.000000119 0 -0.7071067095 0 0.7071065903 -0.7071066499 0 -0.7071067691 50305.dat
1 15 -388.0002136 618.5106201 295.1466675 0 -1 0 -0.7071061134 0 -0.7071068287 0.7071070075 0 -0.7071062922 3020.dat
1 15 -396.0001831 625.581543 330.5020447 0 -1.000000119 0 -0.7071064711 0 0.7071064711 -0.7071066499 0 -0.7071066499 50304.dat
