1 71 -990.0005493 550.0707397 -729.9990234 1 0 0 0 0 1 0 -1 0 6020.dat
1 71 -988.0006104 410.0708008 -729.9990234 1 0 0 0 0 1 0 -1 0 6020.dat
1 0 -988.0004883 448.2708435 -569.9990234 -1 0 0 0 1 0 0 0 -1 60470a.dat
1 71 -988.0006104 440.2709045 -639.9990845 0 0 -1 0 1 0 1 0 0 3035.dat
1 0 -988.0004883 448.2709045 -709.9990845 1 0 0 0 1 0 0 0 1 60470a.dat
1 25 -979.0005493 412.270874 -659.9990234 0 0 -1 0 1 0 1 0 0 3817.dat
1 72 -979.2506104 400.2709351 -659.9990234 0 0 -1 0 1 0 1 0 0 3815.dat
1 25 -979.0006714 412.270874 -659.9990234 0 0 -1 0 1 0 1 0 0 3816.dat
1 25 -979.2506104 368.2709351 -659.9990234 0 0 -1 0 1 0 1 0 0 973.dat
1 25 -979.2504272 377.5209045 -644.4989014 0.0073020868 0.6347157955 -0.7727112174 -0.3272414804 0.7317001224 0.5979362726 0.9449125528 0.2484969795 0.2130482495 3819.dat
1 72 -961.8036499 384.495697 -637.8757324 0 0 -1 -0.1736483425 0.9848077297 0 0.9848077297 0.1736483425 0 3820.dat
1 25 -979.2506104 377.5209351 -675.4990845 -0.01314672455 0.6410313845 -0.7674020529 0.2829747796 0.7384795547 0.6120238304 0.9590372443 -0.209109351 -0.1911043227 3818.dat
1 72 -961.8036499 384.4992065 -682.1229248 0 0 -1 0.1736478657 0.9848077893 0 0.9848077893 -0.1736478657 0 3820.dat
1 14 -979.2506104 344.2709351 -659.9989624 0 0 -1 0 1 0 1.000000477 0 0 3626c.dat
1 4 -979.2506104 344.2709045 -659.9989624 0 0 -1 0 1 0 1.000000477 0 0 3833.dat
1 71 -988.0006104 410.0708618 -549.9987793 1 0 0 0 0 1 0 -1 0 6020.dat
1 71 -990.0005493 550.0708008 -549.9987793 1 0 0 0 0 1 0 -1 0 6020.dat
1 0 -990.0004272 588.270874 -709.9991455 1 0 0 0 1 0 0 0 1 60470a.dat
1 71 -990.0005493 580.270874 -639.9990845 0 0 -1 0 1 0 1 0 0 3035.dat
1 0 -990.0004272 588.270813 -569.9991455 -1 0 0 0 1 0 0 0 -1 60470a.dat
1 71 -988.0006714 270.0708008 -549.9988403 1 0 0 0 0 1 0 -1 0 6020.dat
1 71 -988.0007935 130.0708008 -549.9988403 1 0 0 0 0 1 0 -1 0 6020.dat
1 0 -988.0006714 168.2707672 -569.9990845 -1 0 0 0 1 0 0 0 -1 60470a.dat
1 71 -988.0007935 160.270813 -639.9990845 0 0 -1 0 1 0 1 0 0 3035.dat
1 0 -988.0006714 168.2707977 -709.9991455 1 0 0 0 1 0 0 0 1 60470a.dat
1 71 -988.0007935 130.0708008 -729.9990845 1 0 0 0 0 1 0 -1 0 6020.dat
1 71 -988.0006714 270.0708008 -729.9990845 1 0 0 0 0 1 0 -1 0 6020.dat
1 0 -988.0006104 308.2707825 -569.9990845 -1 0 0 0 1 0 0 0 -1 60470a.dat
1 71 -988.0006714 300.270813 -639.9990845 0 0 -1 0 1 0 1 0 0 3035.dat
1 0 -988.0006104 308.270813 -709.9991455 1 0 0 0 1 0 0 0 1 60470a.dat
1 71 -990.0007935 -9.92921257 -729.9990845 1 0 0 0 0 1 0 -1 0 6020.dat
1 0 -990.0007324 28.27075195 -569.9991455 -1 0 0 0 1 0 0 0 -1 60470a.dat
1 71 -990.0007935 20.27079391 -639.9991455 0 0 -1 0 1 0 1 0 0 3035.dat
1 0 -990.0007324 28.27078629 -709.9992065 1 0 0 0 1 0 0 0 1 60470a.dat
1 71 -990.0007935 -9.929207802 -549.9989014 1 0 0 0 0 1 0 -1 0 6020.dat
1 71 -990.0009155 -149.9292145 -549.9989624 1 0 0 0 0 1 0 -1 0 6020.dat
1 71 -990.0010376 -289.9292603 -549.9990234 1 0 0 0 0 1 0 -1 0 6020.dat
1 0 -990.0009155 -251.729248 -569.9992065 -1 0 0 0 1 0 0 0 -1 60470a.dat
1 71 -990.0010376 -259.7292175 -639.9992676 0 0 -1 0 1 0 1 0 0 3035.dat
1 0 -990.0009155 -251.7292328 -709.9992676 1 0 0 0 1 0 0 0 1 60470a.dat
1 25 -961.0008545 -287.7292175 -599.9990845 0 0 -1 0 1 0 1 0 0 3816.dat
1 72 -961.2507935 -299.729126 -599.9990845 0 0 -1 0 1 0 1 0 0 3815.dat
1 25 -961.0008545 -287.7292175 -599.9992065 0 0 -1 0 1 0 1 0 0 3817.dat
1 25 -961.2507935 -331.729126 -599.9990845 0 0 -1 0 1 0 1 0 0 973.dat
1 25 -961.2507935 -322.4791565 -615.4991455 0.08869149536 0.9612752199 0.2609286606 0.2352029234 -0.2747645974 0.9323003292 0.9678912163 -0.02131622285 -0.2504641116 3818.dat
1 72 -946.6721802 -335.7528381 -618.3695679 -0.007939912379 0.909875989 -0.4148043692 0.1786692441 0.4094331264 0.8946741223 0.983877182 -0.06700915098 -0.1658177078 3820.dat
1 25 -961.2507935 -322.4791565 -584.4991455 0.1386543065 -0.4251011908 -0.8944629431 -0.2357847691 0.8630452752 -0.4467197061 0.9618630409 0.2728404701 0.01943282783 3819.dat
1 72 -961.1923218 -304.5354004 -575.8430176 -0.007909432054 -0.9063957334 -0.4223555624 -0.1786048561 0.4168575406 -0.8912519813 0.9838891029 0.06838545948 -0.1651837826 3820.dat
1 14 -961.2507935 -355.7290955 -599.9990234 0 0 -1 0 0.9999998808 0 1 0 0 3626c.dat
1 4 -961.2507935 -355.7291565 -599.9990234 0 0 -1 0 0.9999998808 0 1 0 0 3833.dat
1 71 -990.0010376 -289.9292603 -729.9992065 1 0 0 0 0 1 0 -1 0 6020.dat
1 71 -990.0010986 -429.9292603 -729.9992676 1 0 0 0 0 1 0 -1 0 6020.dat
1 0 -990.0010376 -391.729248 -569.9992676 -1 0 0 0 1 0 0 0 -1 60470a.dat
1 71 -990.0010986 -399.7292175 -639.9992676 0 0 -1 0 1 0 1 0 0 3035.dat
1 0 -990.0010376 -391.729248 -709.9993286 1 0 0 0 1 0 0 0 1 60470a.dat
1 71 -990.0010986 -429.9291992 -549.9990234 1 0 0 0 0 1 0 -1 0 6020.dat
1 71 -990.0009155 -149.9292145 -729.9991455 1 0 0 0 0 1 0 -1 0 6020.dat
1 0 -990.0007935 -111.7292557 -569.9991455 -1 0 0 0 1 0 0 0 -1 60470a.dat
1 71 -990.0009155 -119.7292099 -639.9992065 0 0 -1 0 1 0 1 0 0 3035.dat
1 0 -990.0007935 -111.7292175 -709.9992065 1 0 0 0 1 0 0 0 1 60470a.dat
